24
29
29
28
27
24
32
27
33
30
28
34
23
33
34
30
28
28
25
28
32
25
27
29
31
28
26
29
29
18
30
33
26
34
28
29
30
31
25
34
30
34
30
30
29
22
25
34
32
22
27
30
29
32
36
33
28
33
24
27
32
28
32
29
31
31
33
28
28
31
22
27
27
30
32
24
31
33
28
30
25
26
28
31
30
31
27
29
27
23
25
25
31
31
22
27
34
24
28
36
27
28
30
26
29
22
30
29
31
31
27
26
32
27
25
27
26
31
25
30
33
28
26
27
33
29
31
25
28
35
29
28
32
27
30
27
31
27
24
26
35
29
36
26
30
29
30
33
31
30
36
26
25
27
32
25
30
24
28
29
28
27
29
32
30
32
26
32
28
28
28
28
33
27
29
28
21
31
35
28
27
29
36
31
27
28
29
28
25
28
31
32
34
32
33
30
32
28
27
32
26
33
28
27
26
28
30
31
30
27
28
27
30
27
25
32
26
27
28
28
29
28
29
30
30
28
34
28
33
30
27
28
27
26
32
28
26
28
30
29
24
26
31
28
34
31
33
29
24
27
26
35
24
28
30
26
28
25
30
28
30
28
29
24
24
26
24
27
25
34
32
29
30
23
22
26
26
33
28
30
30
29
28
32
28
26
22
28
30
25
26
30
34
24
32
31
25
27
24
30
24
27
22
28
30
36
31
31
35
26
32
27
30
28
29
31
30
28
28
26
27
30
32
25
31
33
34
29
29
36
32
29
33
29
29
29
28
31
34
30
32
28
30
21
29
28
27
30
30
29
28
27
31
29
21
35
27
31
28
33
28
26
30
31
30
30
31
33
30
31
30
25
31
30
33
35
31
32
32
31
29
34
28
36
24
26
32
26
25
31
28
29
25
27
31
33
32
23
25
34
23
27
27
28
29
30
30
28
31
35
36
36
29
29
34
27
35
29
32
25
27
32
24
34
31
30
30
30
29
29
30
28
30
28
24
33
32
34
33
28
35
25
37
26
33
31
26
30
30
26
27
32
32
28
26
30
26
34
31
29
31
27
30
23
34
29
30
27
29
28
28
26
30
28
25
31
28
33
27
30
31
30
31
33
33
30
25
31
30
32
25
24
31
26
32
28
26
19
31
28
36
30
27
28
32
33
32
26
28
27
31
26
31
28
27
20
29
33
30
28
22
28
27
30
30
27
24
29
34
31
25
23
29
28
34
28
32
27
28
27
32
34
32
28
27
26
25
29
26
30
33
32
33
31
32
31
23
31
28
28
29
25
32
29
31
27
33
27
34
31
30
31
32
30
32
26
30
31
33
27
30
28
27
32
20
30
31
27
34
30
29
28
30
30
34
29
22
31
28
28
29
32
30
25
27
26
29
33
30
35
26
39
29
29
26
31
33
33
32
25
32
23
29
32
32
29
23
30
23
27
30
31
28
30
21
25
26
29
27
29
30
30
24
24
29
30
29
26
29
29
26
26
30
28
31
28
29
32
26
27
31
30
29
25
29
29
26
30
26
26
34
27
31
31
28
28
26
33
27
31
31
29
26
22
30
27
27
29
35
35
29
30
35
30
32
30
28
26
31
32
26
27
32
27
25
26
31
30
32
34
29
28
22
28
28
33
33
36
32
29
27
30
26
29
31
20
30
26
29
31
31
33
29
34
28
34
29
27
29
26
32
27
31
27
27
31
28
31
33
31
31
28
23
29
32
30
27
30
32
25
30
28
30
29
29
22
29
35
32
32
33
31
26
27
29
31
29
25
34
32
27
30
28
29
29
28
30
17
30
31
23
28
26
31
31
29
30
27
28
32
28
30
26
24
33
21
33
23
26
32
25
31
26
29
27
33
28
27
28
30
29
26
26
35
30
31
27
30
35
27
31
26
34
27
30
25
35
27
27
27
29
27
24
29
30
35
28
28
29
28
26
24
31
31
31
27
28
31
29
28
35
27
31
25
25
29
32
33
37
34
29
28
27
25
30
31
28
28
26
30
30
29
29
25
30
30
28
25
31
21
29
26
30
29
29
29
26
30
33
30
27
26
29
32
28
29
25
32
32
28
28
32
32
25
31
31
29
20
28
31
32
29
30
30
20
28
29
31
29
30
31
29
28
28
28
31
28
28
23
29
31
23
32
28
37
26
34
26
24
29
33
32
29
29
30
34
31
27
35
27
30
28
30
29
38
28
26
33
27
23
27
32
28
24
30
31
25
27
29
31
29
33
31
29
26
25
27
31
26
35
30
31
27
31
26
29
29
30
31
31
