21.8697
7.27538
0.930436
0.755525
1.10258
0.715777
2.32025
0.858469
0.284485
1.12638
0.423914
1.53665
0.529281
0.0911046
0.80538
1.15627
1.83857
0.610979
0.140708
3.50599
1.74053
0.141795
5.96663
0.418322
0.582092
1.47552
0.574933
0.117904
1.01492
0.811101
4.14949
5.10198
2.71028
2.42301
0.708902
3.15453
0.119882
4.8727
0.578784
0.900451
3.42042
0.746604
4.0624
2.22911
0.43097
0.158122
1.10133
1.53071
0.618296
1.07198
0.490587
0.896686
1.91983
1.07542
0.191475
0.205356
0.729055
1.791
0.684017
1.42234
1.01194
0.755221
0.91665
4.24183
0.111733
0.860183
9.37818
1.46516
2.20344
1.47528
0.587058
0.547445
0.356323
1.78784
1.40721
1.04833
1.42413
0.506999
0.570264
0.673665
2.73647
1.19913
2.14626
0.569217
0.622265
3.8426
7.54037
2.15558
0.321341
6.15672
1.84785
2.17527
0.510914
1.23639
0.238501
1.819
1.20005
0.693849
0.346113
0.295992
2.23962
2.43003
6.40242
1.38649
6.97308
0.145207
1.92135
0.378785
1.73007
0.418138
2.14795
2.68153
0.768442
1.39834
0.9512
1.59263
0.539232
0.247891
0.27146
0.473895
2.73763
1.55378
2.39604
2.13998
0.907624
3.24576
0.271306
2.69223
0.757016
1.40192
0.43918
4.06845
0.500978
0.173633
0.194369
1.52979
1.47589
2.80793
1.79964
1.49023
1.51268
0.126426
1.06932
1.72683
2.31183
0.491453
0.868435
4.96785
0.868539
1.44779
0.0685602
3.50117
0.927572
0.198072
0.0597802
1.55559
0.0134752
0.553519
0.672667
1.8365
1.14836
1.42147
1.87653
1.47817
0.833869
0.688776
0.659287
1.14533
2.70383
3.41781
0.764701
0.928816
1.48297
0.948717
3.25572
4.29085
0.0488654
1.79496
2.43038
2.19115
2.46508
2.37706
0.826959
2.95681
5.56487
1.26786
0.29118
0.867242
0.948823
1.07903
3.20422
4.103
1.76588
0.660193
0.118605
2.05585
1.51168
0.00446273
3.97034
3.03123
0.495214
2.19861
0.23136
0.511213
4.42528
1.01721
0.840618
1.53807
6.98267
0.188808
2.41469
2.35516
2.06228
3.42939
1.52875
0.865765
0.306821
0.031895
1.37633
1.73687
0.423748
0.41081
0.990454
3.57563
0.60819
0.489237
1.14855
1.36725
3.42695
2.90546
0.880918
0.0494905
0.970426
0.296981
3.06993
0.0318142
1.87545
0.272343
1.10458
0.171592
1.98136
0.616146
1.19217
1.35228
0.29969
2.06005
1.34456
4.13234
2.49967
3.03707
4.4662
0.257675
2.3214
0.276812
0.376955
2.06406
4.5416
0.185927
0.552783
1.61075
0.191532
1.7415
1.03489
0.765062
3.32761
1.76991
0.417479
0.289789
1.38096
0.706753
2.92837
0.283748
1.77023
0.649159
0.266187
3.22261
0.197206
1.15894
1.15259
1.38566
0.53658
0.744669
2.04133
0.225351
0.943042
0.056691
0.646323
1.1404
0.0553563
4.31556
2.04192
2.68235
3.9942
1.65646
0.992841
1.87853
0.062297
1.91723
0.712922
3.79781
1.70154
0.743447
0.787918
1.03909
6.26222
1.16539
2.68187
0.0735332
0.0706832
1.41754
1.43712
0.666463
0.373689
0.431165
2.03811
2.87972
1.08069
4.29404
0.112647
4.25698
0.0979888
2.73211
1.6286
0.0934944
1.35362
0.434522
3.93561
5.36057
1.15741
1.59772
8.4894
0.886079
0.195834
0.0861264
2.70836
0.467965
0.534774
0.391124
1.54161
0.323888
10.5465
0.229053
0.182765
6.15078
1.40336
1.39841
2.33045
1.74461
0.820434
1.53091
0.290966
0.950225
2.89054
0.380614
1.34179
0.478174
2.08404
0.191981
0.188198
2.23089
2.22305
3.00876
1.63878
0.839785
0.564444
1.77403
0.789649
4.96939
0.0997343
0.242309
0.0741394
1.07732
1.20386
1.12851
1.05069
1.947
0.764078
0.46696
0.0823799
0.244959
0.511709
3.47186
0.60574
4.82549
0.900235
1.26659
0.0483563
0.289493
3.06508
0.004593
0.727706
0.762199
1.41314
0.927202
3.271
0.718925
1.56895
2.6852
0.465774
0.563538
1.89493
0.443054
0.487743
0.892527
0.08737
6.53377
0.623657
0.37075
1.2176
0.405833
0.00775055
1.44512
1.58953
0.557116
0.318184
0.76758
2.5478
0.20241
1.30252
0.0772969
0.241426
1.49345
7.26379
0.8737
5.49248
0.390068
1.10788
2.32827
1.08724
1.25851
0.0526979
0.355899
4.63673
0.207321
1.29875
0.491014
3.41087
0.789282
1.14968
1.01741
1.31302
0.389967
1.56128
1.19671
1.2149
2.38508
2.39277
0.622575
0.361211
2.51042
1.17508
1.45217
2.015
2.40725
0.119471
1.84147
2.85385
1.56777
0.265419
1.67887
0.146128
0.135673
0.895877
1.97451
2.4699
0.382123
1.82617
0.680263
3.81039
2.71086
3.06849
4.12648
1.47237
0.188609
2.73379
1.87689
2.24112
1.35684
3.17531
0.563878
0.60563
0.218152
3.35236
1.42444
1.47832
0.0495628
0.451464
0.366588
0.127908
2.1862
3.33312
0.766655
1.37297
1.42612
3.56125
0.775599
1.13476
0.782571
0.00731709
2.31183
0.489629
1.84283
0.613939
0.226438
4.17765
1.46915
1.23034
0.594895
1.1182
3.1452
0.479608
0.83057
0.234605
0.812152
2.33931
1.42165
1.06277
1.51639
0.445584
0.658677
0.201104
2.29134
2.41348
0.11803
2.3806
1.23442
0.858798
0.426462
0.232153
3.44423
0.895938
0.174223
0.00721253
1.45147
2.09091
0.422263
1.78246
0.527695
1.26647
1.0081
0.967308
3.04731
0.0557049
1.84274
0.0454019
0.144499
1.10471
2.66228
0.101713
3.179
0.508315
2.6677
0.653482
1.16489
0.456806
0.85069
2.98294
0.772967
4.11527
1.27055
0.124515
2.54923
0.0986839
0.212688
2.9014
3.21011
1.93948
0.593785
0.258429
3.56512
0.856585
0.432971
3.62663
0.221704
0.449727
2.42397
1.11747
10.6539
0.276117
2.03527
1.6473
0.664628
0.042042
1.12175
2.02472
0.240531
0.145601
1.99792
1.237
0.237435
1.0626
1.90679
1.72235
3.03494
2.29156
0.611736
1.99646
0.456084
0.94639
0.0342156
0.053343
0.31239
2.33795
0.821983
1.71575
0.683744
1.65907
0.259128
1.01951
1.06733
2.22742
5.81843
1.22561
4.52655
3.6134
2.9636
1.20517
0.166479
1.19794
2.06783
1.35762
0.840919
1.25599
2.71469
3.29134
4.49168
1.27929
5.41266
1.49141
1.1173
0.11641
0.0057653
0.964367
1.22523
0.159139
2.22524
0.840137
1.24642
0.434338
0.719518
2.15767
2.24397
2.09805
0.0802908
5.71292
0.410287
0.0394194
3.95236
1.0678
0.694343
1.75528
1.45776
0.892783
1.51509
4.35421
2.54818
3.67213
3.27353
1.28442
0.836881
1.83471
1.50134
1.28304
2.60498
0.235812
5.69773
0.883404
1.05867
5.12408
0.0408915
6.52577
0.309887
8.26344
3.9128
0.518667
0.327003
0.136903
0.0457414
2.28259
0.919609
3.74216
0.267544
1.39155
0.920205
1.15373
1.11671
3.78118
2.27606
0.893755
1.52486
1.6533
1.95827
2.05384
3.91807
1.48647
0.0739583
1.30327
1.20928
1.7997
2.62016
4.40101
0.235884
1.66176
0.193288
8.27077
0.447941
5.18123
1.6357
2.85088
1.69791
0.543097
0.62184
2.26253
0.084461
0.348115
5.6744
1.17219
2.51235
1.32384
1.25787
4.1968
2.27044
1.4182
1.08548
0.0140104
0.433299
1.63206
0.175773
0.932579
0.531422
3.48088
0.50397
0.140832
0.271796
0.807973
1.05957
7.04353
0.967581
0.96096
0.947842
1.68479
1.7588
2.80341
3.42712
0.0735844
1.3457
0.261014
0.456503
3.95813
0.223799
1.03478
2.29038
0.897938
0.847628
0.733591
3.58891
6.38562
4.57857
3.9734
0.52743
0.982718
0.00681788
0.370347
0.0454726
2.94578
1.77425
0.275269
2.78406
0.398183
0.859812
1.61405
1.87754
2.83068
1.4302
1.10658
2.56179
1.65566
1.04575
0.359442
0.387096
2.58174
3.88875
0.512597
5.30875
5.15101
2.84971
1.90672
0.952173
0.855221
1.4241
0.202784
0.408735
2.30877
3.97085
0.490517
3.18534
2.38681
2.18256
0.729305
0.822423
1.13518
1.54905
4.4489
0.392662
3.74527
0.0545428
0.255463
3.4976
1.29927
2.07042
3.62464
0.229664
6.90538
1.63604
0.208673
2.17351
1.6661
0.267686
4.3025
0.955262
2.14059
0.126286
0.103498
1.24014
1.1467
4.48156
3.14212
0.058903
0.331127
0.322431
2.69341
1.33128
5.47585
0.805056
0.80789
5.06688
1.27031
3.96204
0.461258
0.267233
1.78768
0.106906
0.257568
2.30243
1.70277
2.60843
4.09549
0.371788
1.51341
0.103253
7.25643
2.337
0.273297
0.861748
3.14376
0.537345
0.712234
0.204838
0.604221
1.33283
0.193979
2.42225
1.7105
1.33191
3.0463
1.23177
0.814308
2.71207
0.132407
5.72097
0.402202
3.86932
3.31927
1.04831
1.00936
1.79688
0.544153
1.27667
0.899455
2.22354
0.163019
2.52539
2.8091
1.83524
0.678674
1.37628
0.898968
2.21573
0.290115
1.42049
0.938629
1.48522
2.5172
2.19614
2.10704
2.94152
6.80998
1.41216
0.306687
2.38838
0.600088
1.35145
0.737521
3.1428
5.45572
1.09112
1.35493
0.315687
2.08141
2.08828
3.84115
1.9725
2.0262
0.879988
0.408205
0.460155
0.117152
1.81313
4.20928
0.47084
2.94314
1.16202
1.00932
0.868165
0.472817
0.0430985
0.0494751
0.556312
5.61051
3.46444
0.149176
0.0689387
4.59918
2.17695
1.8143
2.87846
0.897642
1.40811
0.887855
0.217895
0.77126
1.04829
0.720118
3.92077
2.85304
0.500767
0.810106
0.872351
1.11632
2.837
0.59477
1.29289
1.36958
0.810503
0.0527189
0.864055
0.818206
0.306868
0.916139
2.69143
3.64932
1.46191
0.0521939
2.12314
3.4658
1.41076
0.0384744
1.41695
0.130316
1.10993
2.26505
0.519875
2.19661
5.84151
2.99126
0.204806
0.0219356
7.43311
1.34253
1.63778
1.70053
2.23613
0.00658746
1.56798
7.91105
3.4466
0.196471
0.567577
2.14125
3.04167
2.04618
0.0398059
0.237408
0.425703
2.06334
3.53284
0.993088
0.230049
1.74987
2.35467
1.39913
5.57744
0.00714135
2.62575
2.81713
1.05317
1.05953
2.22687
1.2534
0.43588
0.547993
0.96253
1.9575
0.753344
2.00551
5.11388
0.457839
5.05425
1.94084
1.08994
0.293568
0.934054
0.274829
1.9777
0.718897
0.914532
0.083607
0.259987
1.32774
1.37273
1.21751
2.13255
0.805636
0.364198
0.143568
0.0798641
0.886164
1.57816
4.87016
0.3632
0.568969
0.869923
0.550193
1.24786
0.519576
0.773284
0.083275
1.5381
0.18139
0.617929
2.3599
2.29607
0.488367
1.04525
0.837667
2.03965
0.529495
2.06289
1.43399
3.07586
1.36993
5.30287
0.0758659
3.66565
1.36287
0.302616
1.25551
1.01072
0.934064
0.390344
3.57756
0.579856
1.43776
0.138519
1.19866
0.768425
1.01119
0.212152
1.54657
0.0868352
0.607607
3.74177
2.49903
1.07074
1.07166
1.18272
1.44799
3.52624
0.921776
0.0948897
0.484831
2.89722
0.173273
1.13475
0.746842
1.21045
1.16879
0.676293
1.44586
2.50768
2.25543
0.803652
0.360225
0.205077
1.63388
6.0856
0.417933
0.0402154
1.42576
0.608491
1.10306
4.58023
2.46305
0.751422
1.80694
0.312415
0.0122661
3.15197
1.28006
1.55623
1.20331
2.09204
0.755382
1.19379
2.26598
1.30896
0.391051
0.0200667
0.631719
1.62073
0.309387
0.870926
1.35399
4.3797
0.664281
1.12067
8.83297
0.849462
0.0919135
4.2877
0.0123978
0.625941
0.138328
1.38789
0.368118
1.04285
0.0152749
0.496328
2.03626
1.13007
1.93065
0.116869
2.18585
0.00424019
0.877249
0.250337
0.707036
2.73263
1.37599
0.297154
0.914497
2.74819
1.5941
0.0155082
3.04678
0.469069
0.648589
0.0360486
0.153331
0.203799
0.275217
0.662881
0.895727
2.46472
0.0232545
1.19816
2.84876
0.182373
0.149689
0.414578
1.18275
2.34931
0.166887
1.53854
3.29829
1.40171
0.610248
1.52467
3.69439
0.523365
0.736006
1.01898
0.975059
0.577849
0.587092
1.25092
0.310112
0.073946
0.896109
0.265804
0.501535
1.29237
0.242642
0.372214
0.668207
2.04694
0.387222
3.63838
2.58978
7.40488
0.626595
3.75179
0.0688792
0.572331
0.316969
0.727521
0.192377
0.0234921
0.281171
2.25665
0.861326
0.363054
0.0578763
0.215576
3.56338
1.45467
0.633605
1.11406
2.65416
1.4426
3.22842
1.86505
1.60395
0.0576405
1.34176
0.19382
0.39801
4.58321
0.720236
2.03884
4.55577
2.1784
1.04211
2.81694
0.289163
2.54267
1.33914
0.191791
0.416947
1.62838
0.346523
2.59984
5.77131
0.957092
1.36759
0.828169
1.67318
0.404603
0.986505
0.0198619
0.124356
0.28509
0.211127
1.67789
1.00871
4.73062
0.974246
1.25345
1.05781
0.349861
0.97058
0.131525
4.00388
0.353335
0.474849
1.49844
1.51288
3.52086
1.83146
3.4697
4.05258
0.817671
1.8657
2.24375
0.301827
0.631354
5.77574
1.12344
1.58645
0.605299
1.61283
0.117502
0.583489
0.410732
2.5508
0.488938
0.194742
0.569118
1.30606
1.67883
4.13988
0.280742
2.31812
0.639747
1.1618
0.602198
0.843004
3.37985
0.474099
1.06655
1.02087
0.330229
0.206856
0.0544081
1.81054
0.469813
0.890818
1.00067
2.98852
4.20576
3.21339
0.0663792
1.16724
0.711387
0.370399
0.996553
0.240563
0.758908
0.760055
0.238598
1.48602
0.250971
0.725659
0.47157
2.6974
0.016832
1.17203
7.98457
0.0263368
1.0984
3.7108
3.08799
0.0238684
0.581481
5.64979
0.365299
2.18034
1.34339
1.47819
1.03364
0.670623
0.105126
1.27113
3.44277
2.44904
3.02163
6.0653
0.498135
0.485467
0.0246263
1.69288
0.184271
3.66133
0.72239
1.63521
0.0145299
0.0253552
1.84912
3.93682
4.58091
0.277182
1.67612
0.032229
0.45959
0.816719
1.11936
0.0275956
0.698192
2.40729
0.304059
2.24603
3.72714
0.358184
0.210903
1.01858
0.42282
0.770744
0.0685412
1.80397
0.36429
3.46715
0.174592
1.74598
0.331904
0.286604
0.242834
0.0868128
0.151496
1.2268
2.80828
0.539403
0.99013
0.0532476
0.255816
0.409859
0.707916
7.03181
0.472523
1.47828
3.09462
0.945184
2.61406
7.39007
0.233505
3.09029
0.538935
2.65222
3.58743
0.95199
0.637591
2.12472
0.32647
0.505654
1.26087
0.934192
8.08771e-05
3.54963
0.400508
0.762838
3.65998
0.108921
0.279182
0.494971
2.55339
1.24227
4.80162
1.57903
0.755533
1.27768
0.450729
0.18504
1.14664
1.54305
7.2024
3.51652
0.0660978
1.11271
1.42267
4.22841
0.226358
0.282981
1.28634
1.17437
5.74155
0.507475
0.190856
0.0278335
6.78234
0.478499
0.744598
0.451356
0.567424
1.32936
0.135156
0.256269
1.08071
0.00337618
2.31602
0.604201
0.877763
0.673048
0.834592
0.0245163
0.935899
0.440644
0.264176
0.00492555
0.155687
4.32793
1.09289
0.26285
1.16386
6.5396
0.290409
0.585628
0.953219
1.54531
0.0629423
1.59806
0.550127
0.0833838
2.37272
0.882341
3.36685
3.44206
0.0116786
0.638598
0.211309
0.874643
3.09246
0.748747
1.10186
1.14513
2.23176
5.67923
2.21703
1.05109
5.78039
1.51328
1.14878
2.32001
2.90573
3.18467
3.40171
2.5295
0.724679
1.02269
1.18414
2.99822
1.92034
0.137331
0.796389
0.963211
2.05425
0.133767
3.98572
0.0291611
1.31834
0.0616136
0.70114
1.10764
1.08741
0.955839
0.294629
0.401933
1.45304
0.83612
2.59944
0.293949
5.36995
0.97681
1.2235
1.06483
6.53147
0.0131288
0.930198
4.77381
2.76661
1.02889
1.40803
0.154918
0.295938
0.483598
2.85834
0.227433
1.10988
1.06449
0.178793
1.12041
1.33405
2.134
0.615876
1.16881
0.938849
4.46472
0.569273
2.19261
1.33664
1.62943
0.302139
0.338298
0.960199
5.24385
0.73282
1.41446
0.367146
6.206
1.66276
2.56982
4.18184
1.08794
0.655324
3.2629
0.157166
3.13639
0.190747
4.50228
1.04284
4.05168
2.02452
1.1933
0.530617
1.29677
4.06142
0.0729238
1.17457
0.0328707
0.53405
1.19977
5.995
0.227872
2.09984
8.4654
1.04451
0.479599
0.655034
2.29341
2.55683
1.2985
0.181592
0.624229
0.880861
1.69853
1.12021
1.18646
1.62924
0.939003
3.04019
1.23334
0.185652
1.34235
2.7614
0.418787
0.47141
1.10394
1.718
0.725099
0.768222
0.206957
0.0442274
0.575221
0.483895
0.457981
0.227714
0.390655
1.33987
1.04362
0.540337
2.3195
1.5757
0.652088
0.846073
0.97674
0.240486
1.62706
0.405587
3.5269
0.269637
0.372379
2.41897
0.70718
2.79395
1.01441
1.08794
0.660202
0.223707
1.37979
0.257386
0.0979585
1.10286
2.9375
1.52511
1.78071
0.537944
0.113634
0.334325
3.50881
2.02289
2.57002
0.650295
0.819711
4.55256
0.0607496
0.123983
0.58094
2.979
0.651889
7.04764
3.37779
2.808
2.52044
1.11732
0.326234
0.258065
0.954851
0.58359
0.00886151
9.05797
3.76958
0.509916
1.38692
3.79348
2.5037
0.727538
0.411859
0.796949
0.26332
4.82924
0.218082
0.360685
0.307609
0.370751
1.23796
2.98662
0.0650467
0.430699
2.61527
0.714546
0.385264
4.69429
3.25365
0.522276
2.25537
0.427077
0.597653
0.509072
3.07567
0.587719
0.556301
3.37635
0.235704
4.27955
2.12826
2.3734
0.0235221
1.04321
0.0224036
0.261492
2.13978
3.57403
1.70473
3.09495
4.33511
0.00125264
0.0449924
1.52797
0.44186
0.581203
2.97197
1.10711
1.73717
0.480263
2.10961
3.52497
0.150381
0.45049
0.222278
2.46714
0.444026
0.72433
0.132961
1.6394
2.07299
0.222391
3.42083
2.96622
1.46
4.98887
4.89029
4.04772
2.13192
1.83248
0.457224
3.24653
0.251738
1.61261
0.423638
0.567838
2.17814
2.56902
0.587748
1.13778
0.494833
1.82739
0.814449
2.12137
0.131118
2.13253
0.67219
0.515889
0.24846
1.25327
1.39181
1.39855
0.753138
0.626591
3.27134
2.5144
3.48772
2.34745
2.07431
2.75029
0.835006
1.6678
0.895568
2.67139
0.595677
0.798934
0.393095
1.56495
0.120264
3.75382
3.53115
1.76906
0.596014
4.60024
0.57258
0.142062
1.84917
0.133006
0.201071
0.918042
0.778323
1.89505
1.60473
0.0552208
0.981147
2.96979
0.230466
1.78593
0.222476
1.8954
2.15218
0.237545
1.22762
3.9361
0.680485
1.0354
0.486689
3.71371
1.42745
1.57748
0.597846
2.03862
0.58518
0.115212
1.31481
1.30644
0.916924
1.40404
1.26018
0.167978
1.29762
5.43418
0.186198
6.92375
1.86795
0.065712
0.732081
1.13328
1.44701
1.92804
0.001804
0.336771
2.52309
0.100831
1.53374
1.33529
0.889026
0.755597
0.0120498
0.962742
5.87725
3.77854
0.752416
0.885276
0.215301
0.409543
1.70393
0.0276655
0.229048
0.106033
0.0668499
1.31905
0.586476
3.38731
0.0567231
1.79033
0.163696
1.44372
1.54883
0.156202
0.236263
0.5215
1.5382
1.09745
2.14373
1.15427
0.60718
1.97418
2.42384
0.384397
0.872614
0.282429
0.902342
1.08656
2.81614
2.51626
2.38404
0.814325
4.55571
2.00673
1.18044
0.0394241
5.81151
4.54898
0.174955
0.548232
0.594324
0.368451
0.833442
1.47571
0.18927
0.687115
1.32799
2.17787
0.168577
1.28549
1.00883
1.52015
1.14727
4.0055
0.929611
0.826448
1.24429
2.75596
1.20526
1.20729
2.06555
0.259521
0.336032
0.326258
0.698363
0.00370247
0.853151
1.01686
0.882426
0.814536
0.584027
0.577729
0.797754
0.935719
0.290396
0.338448
2.55928
1.29047
0.191942
1.97136
0.608431
0.116486
2.4
1.89985
2.53443
1.39857
1.09845
0.310355
0.455975
1.26333
0.595276
0.756477
5.01771
0.931633
1.39753
3.31171
0.365048
1.25411
1.86957
0.411304
1.74081
0.14391
1.13656
2.93034
0.530112
1.36865
0.400385
0.6459
0.909392
1.78842
1.36494
1.01283
1.06725
0.538956
6.4102
2.58212
1.75795
3.41633
1.76976
2.09821
1.00587
1.85023
1.14893
1.22915
0.977015
2.12823
1.91988
1.61938
0.0759416
1.90624
4.91065
1.4808
0.769233
3.6907
2.16338
4.00724
2.53862
0.431883
2.21466
0.865603
0.272463
1.54315
0.689518
1.40111
1.7082
0.67215
0.00782001
0.747921
3.41797
1.29328
0.954857
0.671685
1.66766
3.93057
3.03739
0.791719
1.5934
0.536854
1.16115
5.57547
0.948438
0.381878
1.27787
0.288316
6.4592
0.639987
0.522549
4.28956
0.341819
3.82946
1.28627
0.391037
3.30857
0.612193
0.21648
1.7007
0.735615
2.47391
2.98047
1.44511
1.3764
6.1344
1.19947
0.888844
0.459302
0.0612793
2.25984
0.707656
0.284149
0.794726
1.05762
0.267622
0.620103
3.67723
2.54875
0.108069
0.496092
2.75371
1.14185
1.41931
0.623941
0.572261
1.5879
4.42005
0.807634
0.51512
0.0600411
0.907548
0.825972
1.00491
0.383124
0.762473
0.912346
1.95939
0.256698
1.24454
0.151431
3.42526
3.89248
0.798047
0.737466
1.05027
0.729294
0.638825
2.37709
1.06601
1.09958
0.450992
0.532439
3.41455
1.60656
0.0549019
0.0553518
3.37237
0.897347
2.35903
2.15484
0.380666
0.0730336
1.88411
3.21991
1.36568
2.77098
0.384466
0.0562354
0.852273
3.70722
0.991983
2.12427
5.6718
3.15473
0.667232
2.02035
0.852006
0.379519
0.102969
0.0342423
0.594629
1.09784
3.14008
0.378704
5.72721
2.2312
1.17056
0.9053
1.59564
5.65125
1.35724
1.77068
3.59286
0.0363914
2.82161
0.273425
1.49889
1.00436
0.0438038
1.8553
0.0612408
0.679945
1.60885
2.5521
4.03481
5.89114
9.49216
7.35717
0.875439
2.80481
0.574338
1.13879
1.26984
1.80122
4.17391
0.0516109
0.889159
0.366627
0.834214
1.31991
0.596163
0.114021
0.368623
3.99208
0.0100849
1.44609
2.50305
0.0328613
0.326884
0.0260577
0.887824
4.28204
0.676953
0.5926
0.356644
1.15503
0.537457
0.446158
0.21763
2.66779
1.11129
0.061239
0.632975
3.39163
0.144244
3.99679
1.76975
1.84468
0.730609
0.774733
2.04926
2.9547
1.73846
2.54476
3.32465
0.128782
2.12013
1.7774
5.78188
6.54444
3.04458
0.0346858
0.303917
0.981966
1.4778
3.10662
0.981625
1.54639
0.662232
2.23099
0.0417232
0.081315
2.86516
0.960352
3.10581
0.62728
5.40804
0.381417
1.28213
1.10252
0.0618497
3.65264
3.17798
3.52606
0.453394
0.351929
2.56763
1.07521
5.91259
1.79741
0.142232
0.876266
0.0283569
2.05149
0.356726
0.449463
1.41157
1.29027
0.327873
4.02334
0.379405
0.120386
0.283684
0.155771
2.35279
0.369475
0.755368
0.912758
0.415309
2.13294
0.91675
1.20733
4.03654
0.521713
0.595128
0.499054
1.62056
1.20333
2.92119
1.85903
0.301595
0.370529
1.47594
0.151679
0.79223
0.0444279
1.03877
0.333935
0.769952
2.00422
0.27008
0.678967
1.75768
4.86602
0.78408
0.052383
2.44154
0.770293
0.0303657
2.54578
5.76385
1.72157
0.178371
0.595763
0.098302
0.200853
0.584169
0.758776
1.06929
1.20675
0.0833966
3.98649
1.47877
3.70739
1.55906
2.04925
2.68948
0.483277
0.42887
0.851359
0.184504
0.376785
0.46031
0.662148
0.281534
0.235797
2.67291
0.308876
2.24046
3.74177
2.47996
3.00436
0.0438339
0.0571953
2.34294
0.259663
1.147
1.11037
0.161841
5.25594
0.976793
0.919866
0.974007
0.277891
0.483309
1.06544
0.66038
0.823989
1.63595
2.41761
0.622567
0.251663
4.25559
0.243907
0.476536
0.756811
0.374301
1.36594
0.0193567
1.01453
0.320533
1.6462
0.416625
4.07893
0.0834338
0.588526
0.816659
0.209709
2.95683
10.2049
0.628696
0.793654
0.857914
1.62959
2.25634
1.6908
1.22514
1.49827
3.41485
8.12695
0.873621
0.968649
2.05405
1.05888
0.259558
1.1943
0.678765
0.435632
0.401302
0.351218
1.09824
0.0208913
0.91784
0.292366
0.727959
0.231608
1.67028
1.19116
1.06572
3.44608
1.17436
4.30714
0.811212
1.60922
0.440852
3.46529
0.0620602
0.290063
0.216261
1.22137
4.9862
3.27789
0.12713
2.14528
1.71906
0.268453
0.19848
0.0758249
0.971059
3.35147
1.20722
0.800063
1.59108
0.576145
0.596099
1.36056
1.80437
1.1642
1.80598
4.75026
2.50285
1.31841
0.673834
0.0774554
2.71319
0.244979
0.981307
2.34742
1.69915
2.36966
0.724299
3.1072
0.53467
0.7966
2.97644
0.807494
0.706812
0.475806
0.879565
1.39175
0.649831
0.0777423
3.28528
0.677545
1.19935
2.73856
0.602293
0.231986
0.537708
0.377716
0.712813
0.259173
3.81923
1.4695
0.0632055
0.989514
0.932436
0.874695
0.326285
1.43855
1.05795
0.0350301
4.59263
0.621122
0.923204
1.86963
0.862087
0.0263248
0.733846
1.63618
1.56886
0.99365
0.741469
3.41756
0.171094
2.12984
0.123083
0.0564053
0.467595
0.468909
0.0618134
1.10697
4.06375
2.29947
1.08566
5.33647
3.47149
3.82036
1.44779
0.115568
0.481162
0.103946
0.411756
1.16601
0.0538412
1.27927
2.69213
0.341316
0.861522
0.905717
0.353104
0.381839
0.405903
1.38007
0.774387
0.853006
1.25849
4.17357
2.3933
1.14449
0.786857
0.948085
0.192499
0.370951
0.567641
0.429019
1.77253
0.488764
1.86742
0.611352
3.05248
1.47735
5.52857
1.02084
0.0607751
0.655301
1.90419
1.0584
1.04154
1.74198
0.315275
0.00833716
0.254442
0.42252
3.03926
0.306822
0.0530898
0.89491
2.21368
4.3042
1.20306
1.11568
0.912885
0.0222423
0.713224
0.0363294
0.27754
10.1904
0.263705
1.2805
1.8434
0.351427
0.690548
3.32198
2.58477
6.22178
0.973161
0.360279
1.37574
0.0717608
0.201167
0.778315
1.62265
1.05668
5.50167
2.99642
5.76064
3.62023
1.93906
0.0493075
1.01806
0.471124
0.306495
0.071821
2.19643
1.02662
2.25648
0.037254
0.488896
2.28002
0.259544
0.804043
2.26676
1.12785
0.0298381
0.0346908
0.40901
0.221283
0.321527
1.6133
3.07214
0.374256
0.337167
0.671259
1.46283
3.52913
1.14078
0.0044922
0.448228
0.638871
0.207633
1.44801
0.00447334
0.0731128
1.23265
1.95339
3.23714
0.0457567
4.44019
0.312074
3.6124
2.89721
0.126903
0.803294
2.97564
0.290836
0.4629
1.73245
1.52169
2.62773
1.72421
1.00478
0.868236
1.88878
2.15982
0.966336
0.244451
0.903269
0.345702
1.11924
0.723744
0.0455427
1.45685
1.40789
1.00116
1.60181
2.26524
2.14249
0.345044
1.65395
0.266853
0.207722
0.997486
1.11526
0.33723
3.86763
0.89621
2.3458
3.1162
5.78958
2.49894
0.601069
4.73978
2.80914
2.24328
0.0329826
1.11895
2.73887
3.25508
0.189366
0.564749
0.0490053
0.364523
4.51669
1.00219
1.24556
0.0793511
7.86677
0.578245
0.63938
2.85489
0.738762
0.709855
1.14716
0.666227
1.11179
1.94958
0.45933
0.483154
0.433834
0.248711
4.39329
1.14666
2.15263
0.617976
0.219898
2.35335
1.13664
0.549028
1.09823
5.2394
3.114
3.15014
0.106665
1.52167
2.07864
0.0112727
2.68428
1.20996
0.179733
3.06423
2.16257
2.21644
0.0188346
1.89008
3.18191
0.318725
0.534543
0.81729
0.405977
0.406409
3.94164
2.968
0.704205
0.0225093
0.592236
0.948761
0.236919
1.28077
0.00950296
0.227871
2.05922
0.365542
3.51336
1.52928
1.3113
0.281733
8.4246
2.95855
1.76533
0.952033
1.37682
3.02706
0.142647
1.65016
0.057329
0.395433
2.33216
1.98158
6.51521
1.59828
0.25061
5.20591
0.60704
1.71618
3.5146
5.59602
0.0398887
0.076321
2.14145
0.756202
0.160199
0.888131
2.82657
1.49446
0.281676
0.93376
0.76769
1.19991
1.75324
1.11562
0.181311
1.19878
4.81363
0.165774
0.975012
0.0703972
1.20983
0.925015
1.6681
1.17079
1.53176
1.36741
1.49841
1.03413
0.156783
0.00999357
1.38351
2.14854
0.838796
6.09462
6.57864
1.78021
1.3341
5.39612
1.30636
0.0763696
0.489185
0.188881
1.12058
1.11872
1.46311
0.196492
1.10845
2.88404
1.38989
0.203004
0.729663
3.32079
0.67833
0.24451
0.0304576
2.61837
0.862097
0.119773
2.72977
0.794991
0.448677
0.12178
1.32246
0.270981
2.36859
3.61511
1.33404
1.8199
1.20816
0.125774
2.36794
0.829376
0.907255
1.48471
1.89937
0.564478
4.54736
0.402866
1.43575
0.915928
1.18976
0.73346
0.0174024
2.96523
0.121009
1.42747
1.92038
0.365823
0.682284
0.532755
0.717625
1.47529
0.675399
0.399838
1.58442
0.757622
1.84537
1.51737
0.381032
0.387872
1.17245
0.210012
2.5139
2.76559
1.72654
2.06243
0.58086
0.447826
0.00908749
1.08369
0.402754
1.58299
2.7774
1.18336
3.11997
0.442192
0.138992
0.736113
0.378583
3.95167
4.5819
1.76408
0.215882
3.14105
1.21551
2.52443
2.80515
3.61594
0.811736
0.126202
0.337837
0.642753
1.04421
1.34599
0.996628
1.30068
0.678274
2.09318
1.23582
0.641416
2.01389
1.25297
0.256254
0.710021
1.77241
3.06565
2.65297
0.596007
3.45471
0.391266
3.04972
1.31569
1.71859
1.03245
1.69309
2.85106
5.20611
0.774538
0.876044
1.49885
0.597328
2.76531
0.302406
1.55622
1.0083
1.49976
0.116458
1.06579
0.465829
2.19304
1.9035
0.660401
1.26945
2.66885
1.11424
2.27209
1.66923
1.75817
1.76316
5.03392
2.67393
0.175396
1.84818
2.69109
0.484404
0.740744
4.1912
4.46688
1.18877
0.694607
1.19553
1.29596
0.15098
0.611024
0.829981
0.646027
0.70597
0.717797
2.59032
0.111945
1.53307
3.2093
1.60857
2.12832
4.54669
3.09296
0.162398
1.29299
0.10247
2.42803
1.1862
0.576426
0.974532
0.406612
1.64168
0.541461
1.27463
1.60644
1.35248
0.109493
0.196059
0.461804
1.63932
0.95156
2.34297
0.383976
2.32665
1.6762
0.541754
2.95364
0.0298075
1.73862
0.775738
0.927737
0.188295
1.97076
1.04574
0.297686
0.643319
1.52168
2.33211
1.44647
0.845017
2.03865
0.797408
0.303487
1.16471
0.706701
1.01431
4.28022
0.311822
1.42663
0.140788
1.87965
1.50039
1.68812
2.66653
0.208003
0.400745
0.862424
0.22441
0.735113
0.680026
0.400964
0.558842
1.10584
3.45948
1.24788
0.74143
1.48446
1.71731
4.43977
4.32829
2.04425
1.02504
2.7491
0.518168
0.41193
0.0337252
1.63208
0.338066
0.777183
0.176052
0.410024
2.25166
7.20123
2.38353
0.472298
2.29316
0.384645
1.32679
0.387627
0.806588
0.883626
3.20743
0.295405
0.703597
2.1307
0.75517
0.184962
2.15174
5.21097
0.14686
1.12766
0.0339293
3.44578
0.342168
0.0640168
0.326868
3.16282
0.732483
0.534007
0.35909
0.202128
2.53691
1.91593
0.602063
0.811987
1.89155
1.18283
0.301867
1.83759
0.153912
0.0121921
0.0842906
0.772606
1.10164
0.59369
0.864383
0.993935
0.0619736
0.419549
1.90448
0.814671
0.334224
8.17308
1.80245
0.117426
1.16268
2.91625
2.49468
0.495176
0.945997
1.68597
0.0185926
0.0575705
2.7119
2.2507
1.35646
0.266665
0.688252
1.54687
0.466478
0.151045
6.9774
1.21344
1.04237
0.639712
0.505834
0.00363085
1.50461
0.0274559
2.70785
0.59504
1.43045
1.36136
0.588982
3.06252
0.480995
1.8285
0.140806
3.45789
2.31423
0.0503956
0.505213
0.0578229
1.22518
2.90486
0.986455
1.93363
0.552773
1.29137
0.737484
1.47664
0.00324428
0.560467
0.0940388
0.588371
0.428384
0.631413
0.797198
2.41298
5.40995
2.45797
0.66939
0.389928
0.574566
0.488519
1.96884
1.95029
0.877924
0.68612
1.14306
4.29379
3.66619
0.192677
5.98423
3.69658
0.719642
1.47189
0.172591
1.92056
2.25815
0.288235
0.413657
1.88453
0.348382
0.633504
2.25098
0.559968
0.355901
4.99374
3.79927
5.3951
0.469336
1.15359
2.56829
2.75171
5.11779
1.84186
0.21653
0.263306
2.59086
0.242859
0.511517
0.698284
0.902985
0.920963
0.21686
0.693335
1.29007
0.462268
0.999233
1.30994
2.68273
1.55941
0.271211
4.27291
0.909262
3.45666
0.808684
0.254865
0.42845
3.38419
0.715605
1.34045
0.240176
1.80276
0.214767
0.0827827
0.822282
1.43309
0.0168974
0.467739
0.87487
0.514101
4.18763
1.04736
0.292291
1.76031
0.170393
2.09832
2.52208
4.36017
0.957815
3.14013
0.516873
4.85138
5.69535
2.82174
0.730112
5.98402
3.08887
0.456566
0.895276
0.0467869
0.22694
2.23579
0.266729
5.18728
2.42163
0.526161
0.965272
3.31323
0.134362
0.0355176
0.511116
0.286333
1.53807
0.0147054
4.99885
5.08547
1.51184
1.68476
1.3998
3.74301
4.64143
1.10668
0.679245
1.65565
0.903065
4.43838
0.226575
0.455125
1.14183
1.00993
4.6391
0.615006
0.112643
3.55438
0.374352
0.065329
0.489412
4.46657
0.697316
1.51489
0.196983
0.648277
2.07849
1.30863
1.8154
1.18795
0.350981
0.794799
7.59349
1.36829
1.36746
2.83702
0.657313
0.482972
2.20302
1.19352
0.792491
2.10707
3.90197
0.586458
2.126
1.60356
1.05557
2.69903
0.0344041
0.156742
1.35576
5.71339
0.658058
1.59052
0.185291
0.0264502
2.19207
0.31572
0.0792386
2.40974
1.73306
2.34494
2.79756
2.12941
3.93295
2.43614
1.0321
1.82417
2.09521
0.323418
2.08971
3.91231
3.27079
0.1865
6.1713
0.741308
2.36947
4.9986
3.00822
2.84418
0.828026
2.07362
3.56905
1.07748
0.798955
0.68947
0.460402
0.181399
0.834685
1.42565
2.84268
3.56126
0.788213
0.901686
0.986775
1.31869
1.49013
0.433972
0.558326
1.16724
0.737282
0.415086
2.98004
4.62754
0.85734
0.0411295
1.30629
1.94887
0.166812
3.31566
0.118594
1.52901
0.999692
0.38496
0.585077
0.50726
0.783572
1.60294
0.237762
1.5065
2.26407
2.98321
2.4924
0.898372
0.172819
7.20687
0.567672
1.00112
0.870889
0.673052
0.926275
0.502842
0.0826389
3.4112
2.36045
0.110144
3.50395
0.96096
0.94771
3.25121
0.255798
0.102546
1.38146
1.38308
2.68109
1.2702
0.809193
0.988429
0.290502
0.314208
0.560876
0.361191
1.51672
1.28432
3.84084
0.941192
5.80891
0.637449
1.88843
1.5576
4.64855
0.201348
0.288264
1.07074
0.991548
0.410301
0.227639
1.0651
1.08074
0.271986
0.314831
5.38935
1.03275
0.708941
0.237707
0.177153
0.353682
0.632055
0.210973
0.27381
0.387448
3.02743
1.54526
2.53127
0.0846105
2.34012
1.10662
0.0688427
3.91827
2.39299
2.57674
3.39082
0.226557
0.145182
0.971443
0.23643
3.29703
0.0628364
1.09545
9.27744
0.703578
1.46779
3.00152
1.93299
0.548525
1.39576
0.12037
0.0230237
0.00554882
0.0894467
3.86129
0.0821586
2.43487
1.75451
5.29107
0.297207
4.4256
1.69821
0.772047
2.22106
2.40923
1.17923
2.53628
0.840558
0.447522
0.982045
0.135512
2.40104
0.116554
1.04302
5.18599
0.639127
11.5395
0.614008
1.56596
0.0468219
1.10164
0.542751
1.52928
1.31617
3.93161
1.88767
0.36134
4.64967
1.769
0.182435
1.84228
1.10683
0.297781
0.372122
1.22155
2.68293
0.0440695
1.37796
7.39254
0.634749
3.81584
1.53918
0.94004
0.130264
5.95658
0.20547
1.03684
0.679294
0.0256194
1.44834
0.789864
0.736739
1.10162
0.330415
2.42486
1.04716
0.0742094
0.448869
1.70873
0.464933
0.780959
0.49297
1.74696
1.48035
1.15368
0.534305
1.20468
1.64636
2.83714
1.23001
1.79817
1.55299
1.64705
0.861764
5.60128
0.864238
1.27554
0.0298571
0.394066
0.01854
0.912468
0.967451
1.84097
0.400543
1.81637
2.16856
1.38979
1.66703
1.36504
4.91776
1.51366
0.127644
0.0747039
1.13552
0.833311
2.31191
0.99446
0.109359
1.96941
0.901274
4.64135
0.985423
1.98522
2.74784
0.0409888
0.0727797
0.00814156
5.61335
1.60126
1.56674
0.200641
0.424022
1.20903
0.887271
1.09007
3.18436
0.9786
0.0138163
0.151191
0.952598
4.73233
0.519796
0.239905
0.1813
0.873125
0.705348
0.038933
1.44515
2.24546
0.982175
2.79126
2.50277
0.811337
0.972307
0.354184
2.27709
5.94027
1.63655
0.0894259
1.82953
1.10529
3.53011
1.30487
0.105874
0.739064
0.881159
1.13666
0.790689
2.79517
1.42085
0.0724926
4.221
0.290791
2.9067
0.88051
1.00658
2.234
1.47842
0.91259
0.369038
1.24442
1.04721
0.612614
0.483334
1.86585
0.453575
1.8596
0.0436933
1.06291
0.802209
2.04326
1.64365
1.7738
1.47741
0.356829
0.278504
5.8041
0.378621
0.440029
0.0424069
1.04323
0.251008
2.04024
6.0805
0.437483
1.98616
1.66844
2.37605
0.162688
1.00452
4.32475
1.12576
4.21091
0.698902
2.37929
1.16383
2.60884
2.03866
0.875876
1.29514
0.406919
0.498466
4.04076
1.02838
2.07263
0.179325
2.5329
0.847527
2.02991
0.32806
1.41507
3.02261
0.881832
1.93774
4.78448
2.29892
0.315297
0.345149
1.39025
1.87342
1.55922
0.800937
0.754313
0.553844
3.19899
0.00804254
3.09295
0.143251
2.59333
0.0942642
1.78772
0.376587
1.15223
2.14678
1.79831
0.19272
0.770466
0.295463
3.56408
0.650317
1.29881
1.25472
1.56503
0.659378
0.315212
0.870424
0.88225
0.59422
0.852095
2.32955
1.17501
0.433919
2.99105
2.50919
4.92232
1.23395
0.182182
0.322365
0.415674
2.94127
1.37046
0.701477
3.27311
0.0790964
0.509659
1.21227
1.66141
2.65563
0.811522
1.72976
0.244269
1.90857
0.516013
0.220539
8.39552
1.63734
0.0164236
0.025289
5.80596
1.60937
2.4842
4.77058
0.618427
0.995487
8.55168
2.63307
0.0729994
0.646693
0.379939
1.93459
0.445612
1.3587
0.553623
0.277304
2.42883
0.579072
1.56934
0.68804
0.230692
3.07231
0.930451
0.993578
5.54517
0.211849
1.80902
0.316509
0.352529
0.206902
0.992617
0.821126
0.205544
0.39072
0.252998
1.31934
1.72266
6.19256
0.442354
0.867116
1.70955
0.310465
0.446884
0.290192
0.58989
2.02919
0.17738
0.952589
3.53922
0.430784
1.15235
0.707958
0.489827
0.555065
0.604918
2.45383
0.635826
2.57847
0.673826
6.96653
0.737079
2.80488
0.871493
0.24491
2.5985
0.589835
0.581938
0.900878
1.10649
0.721149
0.112319
1.1514
0.88877
2.46449
1.11101
1.14293
0.523656
1.75926
0.929319
1.62801
2.41938
0.522712
0.383707
0.914465
1.5537
1.02511
0.370757
1.43123
5.84306
0.366334
2.85677
1.11507
0.339586
7.30912
0.735706
0.847568
0.00457795
0.365489
0.871183
0.348967
1.1709
0.298702
1.68788
4.6987
0.0686472
2.69736
4.02812
3.18758
2.35293
1.25395
3.55375
1.22342
0.219014
0.402509
1.21796
0.0354653
1.88847
2.16972
1.67743
2.57118
1.73563
2.92663
0.757304
1.21358
0.327683
0.366132
0.133104
0.206811
1.38261
2.04155
2.19086
0.0462007
2.22134
1.04087
3.61597
0.886117
0.654631
3.01376
0.310289
1.61094
2.6018
2.89384
1.42607
1.65832
0.746122
1.57037
0.803775
0.0263164
0.523847
0.336979
1.6854
4.13321
0.839496
0.931328
2.20792
0.241627
1.16741
0.454862
0.668635
2.52222
0.418397
4.72166
0.295998
2.66599
0.183275
0.066363
0.683769
2.83409
0.760763
3.85341
0.533327
3.12469
2.88431
0.0683524
1.703
1.61609
1.08856
1.73559
1.98408
0.882648
2.43637
0.0272835
4.20983
1.53501
1.78967
2.85332
2.10481
1.84045
1.04983
4.95882
2.02391
2.2902
0.0491067
0.568313
0.77777
0.0391191
1.57465
0.379797
1.00168
1.50559
0.107376
0.0892285
1.45366
0.093963
1.12186
0.50598
0.285849
0.259101
0.416427
0.42985
1.70134
1.68452
1.81101
2.73521
0.47613
0.133923
1.12382
1.66767
4.63583
1.6712
4.7511
0.348823
0.462458
0.0800036
3.9405
4.16923
2.3105
0.171848
0.536825
0.549363
0.188315
4.0694
6.903
0.756881
1.78605
1.1007
0.452959
1.40398
0.56019
3.97969
0.470798
1.07597
0.208585
3.50827
0.242779
1.14181
0.835942
1.70564
0.275787
1.65659
4.9916
0.0900231
0.0113805
0.0489282
0.714447
1.15129
3.15571
1.77636
0.775145
1.04063
1.30249
3.27658
0.832014
0.8721
4.50748
0.747115
0.795975
2.04184
1.2928
0.32159
0.402677
8.60936
4.38707
2.39519
2.70979
3.29424
1.26511
3.53714
0.0737271
0.183
0.557098
0.0850463
0.779591
0.279575
4.22894
1.02295
0.0289748
1.15742
1.68166
0.519226
1.4896
0.0509596
0.754992
3.57044
4.81354
0.101345
0.040632
0.255637
1.18313
1.82344
0.559876
1.05645
1.95276
5.38376
2.20427
2.09288
1.91434
0.637911
0.164458
0.486037
1.48931
2.71613
1.13998
2.48614
0.161796
1.09775
0.77317
0.523642
1.30864
2.03616
0.438611
0.286389
0.258197
1.87226
3.38668
0.530789
3.90216
0.982253
0.537295
6.77806
2.09072
1.86465
0.695934
3.5106
1.67583
4.39301
0.677199
0.129615
0.571068
1.09841
3.99682
1.89082
0.412069
0.335947
0.868148
0.269078
5.96915
2.21377
0.290725
0.426911
4.04361
1.60236
3.28876
1.91122
1.31849
1.82521
0.333522
1.80046
0.749932
1.28113
2.11753
1.35857
1.9706
0.0733356
4.16028
1.17128
0.252178
2.56719
1.48338
0.298524
0.063829
0.297758
0.00885676
4.34272
1.92849
0.774167
4.81695
1.40976
1.66305
3.23671
0.954259
2.49856
1.11655
0.136277
1.50732
0.208436
0.901482
0.396072
0.513975
4.05087
0.216619
0.0398343
0.913882
0.143429
1.50138
2.09668
0.444112
0.155209
0.179016
2.03905
1.23622
0.53105
6.07316
2.58857
1.28548
0.893201
0.373746
2.0589
0.567257
0.539762
0.523247
0.926084
0.212414
0.325583
0.522962
0.340646
0.901347
0.77549
2.44801
1.45349
0.639902
1.67858
0.0349961
1.30428
0.529125
2.65601
0.231057
0.697812
0.207897
0.329197
2.75237
0.238841
4.43039
0.991695
0.145433
0.0345794
0.02883
4.37658
0.942274
0.887814
3.25505
0.128203
2.38539
1.08488
2.07633
1.11985
1.49108
0.315575
1.96167
0.10403
0.191779
0.197079
0.515945
1.35613
1.62079
0.83395
3.28721
2.26168
3.94741
1.11095
0.338478
0.140374
1.02307
1.90923
0.650894
2.21558
2.47791
0.941096
0.76727
1.97608
1.07551
1.53916
0.663965
0.444209
3.5906
1.90365
2.50764
1.80326
2.62414
1.82701
0.27034
2.40974
1.79757
1.43398
2.73757
1.14258
0.798041
0.650098
6.3914
3.03433
3.18706
0.170032
0.22634
11.1145
2.61667
0.182852
2.73762
1.51418
0.416069
0.357176
0.392918
0.188398
2.09927
0.807694
1.70857
1.6929
0.273429
1.66678
1.69885
1.77513
0.326012
0.25761
0.287748
1.97949
2.02152
2.60386
3.77891
2.0025
0.145535
0.102288
3.47793
0.0612852
2.75993
1.46941
1.68609
0.857114
1.38496
0.340718
0.162145
0.0516325
1.71424
4.8495
0.243184
0.731029
0.52748
3.08495
1.60168
0.537368
1.24425
1.57857
1.29072
0.642267
4.69952
0.88758
0.846777
5.15606
1.66432
1.35938
0.773614
0.459928
0.339805
4.30552
0.742799
5.94232
0.159342
2.52414
0.427194
0.575468
0.262039
3.52757
3.13737
0.967949
1.50916
1.71336
2.79673
0.587121
2.31374
3.05269
4.03778
0.402872
1.63668
1.18422
0.471254
0.430457
2.33916
0.466284
1.06187
1.73932
2.75471
0.600753
1.30756
1.85268
1.0834
1.68597
6.91447
1.71439
1.09387
0.91411
0.979183
0.793201
0.880326
0.630293
0.276686
0.0757105
0.44832
0.18401
0.587135
3.34787
0.392378
0.930585
0.515512
0.252671
1.00683
0.339144
0.0589478
1.71364
2.50594
0.170818
0.00781118
0.522509
1.47546
0.0822165
0.808997
0.328532
2.94709
2.12332
0.751143
2.45679
2.29424
2.67712
0.190049
0.0862833
1.02728
1.07163
0.751566
1.7013
1.09375
2.34028
3.53434
0.12686
5.93919
0.850709
6.26979
2.76986
0.428198
2.27159
0.898509
4.56308
1.74565
0.052042
0.180473
0.391904
0.704533
0.563862
0.357895
1.30779
2.19425
2.73577
0.516992
3.57386
1.03023
0.238685
0.907913
1.59786
1.25278
0.359694
0.885894
5.23341
2.65463
1.04106
5.76577
0.232164
0.00716878
0.212649
0.96774
0.784765
1.3052
1.38334
0.00708488
0.328185
2.01046
1.08797
0.999736
0.977615
0.447958
0.164436
0.0878639
0.347655
3.30379
0.855819
0.769594
0.612137
1.90087
0.0771533
1.45579
0.133301
0.237175
0.028121
0.246202
0.185623
0.547405
3.39369
1.00227
0.0642252
0.852365
1.0556
6.59644
0.27028
0.392831
0.704939
0.263453
0.352702
1.65996
0.928405
0.243375
0.357329
1.32654
0.139816
2.40895
3.5743
4.60227
0.709917
5.00941
0.290826
0.295657
1.77212
2.88096
1.18505
0.933633
1.53946
1.35359
0.192897
0.229383
0.514985
5.05147
1.58876
0.567285
1.10948
0.697028
1.41857
0.17534
0.236505
1.40283
0.456258
3.54054
1.55664
0.275124
1.01218
2.20174
0.39461
1.80075
0.671556
2.07664
0.778722
0.706983
0.938504
3.16398
5.11854
6.46672
0.981952
1.1841
1.64966
0.25293
4.40017
1.55221
1.25441
0.215369
3.40592
1.7716
0.10932
0.575962
4.09566
0.632052
0.180132
2.75554
2.4455
0.189629
3.66282
2.71338
1.01306
2.38058
1.0712
0.0259808
1.3736
0.894464
0.03123
0.544883
0.463841
0.850177
1.38291
0.0796828
1.10079
2.10507
0.851146
2.16072
2.96629
1.96619
2.00372
1.81683
0.576606
2.83325
5.52415
0.429335
0.644176
3.30458
0.787524
3.25768
0.872628
0.455067
0.0886256
0.43948
0.863835
0.054036
1.70721
2.31061
0.672546
2.733
0.498364
0.188209
3.24101
0.0496002
1.6458
2.00918
2.18756
0.93233
2.43576
1.62368
0.809629
0.589137
0.0684113
0.553687
1.62806
8.44433
1.6169
1.46034
0.70737
0.275552
0.982965
0.88029
0.196196
1.44121
3.8016
0.0698186
0.68647
0.0319306
7.08576
2.00262
0.91416
2.29759
5.14298
4.21316
3.38542
2.51262
0.258426
3.12364
0.745513
1.03163
0.0584749
1.32217
2.55567
0.375196
0.789485
3.16926
0.219448
0.875078
1.34092
0.552905
1.37877
1.40754
4.82947
0.410063
0.1829
0.58112
0.392474
0.519014
4.52176
0.497897
0.679708
5.11573
4.40391
3.04945
0.305936
4.24536
0.790543
3.15966
0.141435
0.568349
1.71086
3.32796
0.196598
1.23069
0.0865512
0.598578
0.415847
0.588345
0.0790283
1.24647
1.09519
1.31362
0.0361649
0.691701
0.063448
0.139158
0.117992
0.764639
0.0593521
0.0547538
0.857996
0.298794
1.12322
1.05137
1.05639
0.69156
0.0650921
2.00268
1.49486
2.51848
0.848706
0.42688
1.6585
0.0645764
0.340418
0.811461
0.501295
1.57519
0.61938
1.1997
1.38097
0.838561
0.971124
0.486824
0.00892196
1.66692
0.323723
1.05394
2.34251
0.226548
9.0192
3.05424
0.339105
1.76515
2.81558
2.84953
0.796223
0.710267
0.785947
0.848844
0.207335
1.89755
1.29145
2.4432
0.0718188
2.04879
1.08892
1.57951
0.46229
1.62918
0.401741
5.48696
1.5218
0.45308
1.41413
2.07473
0.0296576
0.0612518
0.987711
0.0174587
0.99548
4.69095
0.432809
1.20073
2.539
0.0497839
1.603
0.707346
0.00944906
1.16732
2.21315
1.26438
0.720266
4.48396
0.400364
0.267337
1.67661
2.42088
1.53892
0.795334
1.10592
0.496312
1.42006
1.31954
1.45542
1.19802
0.272327
0.695571
0.634351
9.6426
2.90903
0.330998
0.0546843
1.73341
0.0335277
1.03943
3.36766
3.02208
1.60427
0.403937
2.33264
3.11417
0.184445
1.49945
2.33308
3.4893
1.12142
4.97147
3.69626
0.109806
0.740392
1.13506
0.011823
4.54504
5.88369
0.644849
2.3789
1.62579
0.739276
3.44771
0.711236
0.267258
4.0242
3.2303
0.255193
0.650255
0.204468
1.83841
2.50268
0.402467
0.334037
0.575515
1.09778
1.18019
1.97773
0.940815
1.90491
2.3024
1.36558
0.786852
0.844179
0.765922
1.66562
0.711494
5.0765
0.410785
0.468912
0.0991708
0.411439
2.71135
2.12801
0.178322
2.76019
0.151497
1.24416
0.361651
1.75306
3.7517
4.9133
2.09158
0.188788
1.40748
1.77164
0.376863
4.24958
0.31926
0.229759
3.48225
2.33671
1.02649
0.0686638
0.0172867
1.30003
0.518876
2.8654
3.15323
0.528015
0.134691
0.742809
0.0838928
0.312966
0.0382226
2.9639
0.0277049
1.28327
3.80672
1.32452
1.78846
1.91683
0.206749
7.21759
0.52507
2.92796
1.10359
2.65447
0.341242
2.25236
2.01197
3.89685
0.0905391
0.898934
1.24418
0.526598
3.72987
2.14619
0.197573
0.2275
0.278269
2.35931
0.78287
7.51112
1.34359
1.13133
0.657522
2.27993
3.96026
2.7145
1.17722
1.29709
0.894324
0.252115
0.385829
2.84353
0.611109
0.0899096
2.4856
4.19651
1.31446
4.79695
1.08666
0.807791
0.575826
3.38627
2.49274
0.289485
2.38767
1.84591
0.798106
2.25513
1.64911
0.191992
0.388261
3.53558
0.74648
0.135829
0.0655495
1.54614
0.596027
0.0834304
0.50925
0.528242
3.17997
1.32628
3.33261
2.27668
4.9109
1.97838
0.767755
7.22448
3.81312
0.432118
2.09261
5.23817
0.9123
0.893992
0.16552
3.99203
5.32272
1.00829
1.17916
0.915587
0.962889
2.80591
0.349838
0.486563
3.39104
0.766564
6.67806
0.187824
0.119167
1.23493
4.4476
0.984534
1.25727
0.0549858
4.27111
0.511164
1.22274
2.11128
1.00353
0.496457
2.26936
4.31904
4.20024
0.206197
1.38376
3.1223
1.09186
1.25308
1.79618
3.91954
2.74841
0.0721703
1.03616
1.15488
1.16266
2.16342
0.017436
0.399083
0.28526
1.8421
4.18153
0.53724
1.23979
2.72854
0.312191
5.74708
1.49785
0.297562
0.357008
2.0694
0.0270559
0.855709
1.84885
0.0482194
1.76011
0.740753
0.0015665
1.17456
5.68119
0.471062
1.69214
0.846515
0.520353
1.22032
2.03757
0.576595
2.18038
1.79648
4.10616
6.12694
0.240451
0.583776
0.811106
5.14798
2.0992
0.384658
1.83748
2.13452
1.99588
1.1206
1.36426
0.915413
0.799772
2.01343
0.346066
2.12787
1.94716
3.02227
4.22908
1.3267
2.58186
0.260422
1.75339
0.0824715
0.195483
1.37751
4.58387
1.9671
0.996534
0.0580937
0.970948
0.420929
0.789876
0.939421
0.708931
0.123971
0.338085
1.26309
0.270523
1.06994
0.197611
1.07679
1.41408
1.19881
0.188738
0.179035
4.08211
0.763237
1.37042
0.251379
0.43287
0.0990764
0.430544
1.09503
1.80537
4.07013
1.15071
3.04343
0.616107
0.453267
0.259372
2.34522
1.05797
0.199247
1.29527
3.19327
0.763508
0.83818
0.0528014
0.601519
0.605396
0.738991
4.36649
0.618825
0.868237
1.92249
2.28834
1.01588
3.1411
1.45919
1.08891
1.3538
0.097894
2.77727
0.572344
0.507481
0.272288
0.0158859
0.087474
0.135925
0.048342
0.0322168
0.207291
0.507081
5.53922
0.969053
0.190472
0.400685
3.70661
3.5991
0.727996
0.759191
0.554344
2.09501
1.45415
0.217345
0.102183
2.43519
0.760425
1.53761
0.231973
0.28839
1.6931
3.49251
0.057344
0.750887
0.105459
0.0827064
1.42281
1.21702
0.648376
0.960091
0.607315
1.99272
0.255265
0.0475885
2.78287
0.218997
0.111073
1.28804
1.3828
1.352
3.11574
0.595405
0.687836
1.78866
0.825276
7.01383
0.778088
0.240341
0.488857
0.9303
1.28012
3.37062
0.706566
1.18077
1.85658
0.38847
1.84218
0.344981
0.170232
0.223008
2.94668
0.178853
0.203917
0.586283
0.859596
0.514502
0.196045
0.203787
0.0740382
0.850735
0.243944
1.49256
0.540001
0.265205
1.64192
0.34675
2.82411
0.861086
1.81262
0.40186
8.63581
3.3241
0.787562
0.230376
2.65604
0.321934
0.631964
0.939553
0.275864
0.744449
0.417003
0.222515
0.15797
6.46838
1.96826
5.06661
0.954567
1.53759
0.130992
0.930819
1.8313
0.706565
1.15868
0.321359
0.22914
4.6655
1.53704
3.00551
2.14661
0.419083
2.23802
2.35741
7.91299
0.0160219
1.2477
1.03265
2.58243
0.544337
0.0150976
0.567575
2.04076
0.986992
2.75703
0.956913
1.15727
3.83531
1.64721
0.0550481
1.43309
0.0163395
0.134255
3.9574
1.1872
0.766326
0.737209
2.03839
1.66118
6.204
0.56295
0.329773
0.0398534
1.63612
0.815704
3.91432
1.16712
2.33002
1.616
0.327037
0.754895
0.433934
6.89614
1.46314
0.404507
1.62639
1.77871
0.923369
1.86558
0.748069
3.5842
0.256067
1.41764
0.0899958
1.90498
8.33848
0.427298
0.32103
0.277558
0.276151
0.0935949
1.58442
0.830324
1.22341
0.126402
0.454957
0.237863
1.36016
3.47694
4.31768
0.125272
1.45157
0.308853
1.25628
0.378615
0.336147
0.392377
0.916093
1.21498
0.274012
0.174528
0.0729383
1.79323
3.78715
0.244237
0.818894
1.59085
0.841736
2.37884
1.11874
1.9989
0.965311
0.185797
0.041028
0.967929
1.09171
2.39861
1.30508
0.120036
1.22338
3.87138
1.52166
1.73207
0.585306
0.0427656
0.785954
0.972693
0.956221
0.876316
0.596074
0.788125
3.0654
0.925758
0.266385
1.99835
2.87593
0.484522
0.648838
2.6574
2.28839
1.45533
0.236233
0.00469862
1.24539
0.374088
1.97726
0.0508542
0.43791
0.55578
3.02147
2.08239
1.04736
0.270932
0.604631
1.60114
0.335523
1.52239
1.61067
2.54913
2.92239
1.52268
2.71461
2.10085
2.35211
1.54991
0.794229
0.393648
0.800835
1.92605
2.78206
1.89005
2.41171
0.182408
0.878475
2.44896
1.76696
0.13227
1.27879
1.16945
1.98122
3.37705
5.77202
1.52869
0.31878
2.41483
0.165925
8.77862
1.87946
0.0237889
0.880251
3.19094
0.500302
1.70925
0.194822
0.151743
0.085993
0.828535
0.0483994
1.5466
0.333559
0.0421006
0.26936
1.46532
0.909988
0.62183
1.81826
0.137299
0.137643
1.37518
1.19347
0.25685
0.00953372
0.990833
0.163532
5.32754
0.0627799
3.6265
0.0119024
2.70095
1.27535
0.181136
2.50134
0.752879
1.32421
0.482389
0.0597771
1.41995
0.168822
0.0503049
0.540903
0.350893
1.50605
4.55865
0.562361
1.60138
0.235782
1.77602
0.436666
3.38771
1.05025
0.528013
0.115981
1.21843
0.619886
0.543097
0.617015
0.000672226
1.13378
0.517976
1.89905
0.514012
0.390236
5.32597
1.15123
1.16894
0.24228
2.22583
4.03684
1.1215
0.748481
1.8583
2.3387
0.278325
0.550499
4.14585
0.757083
0.0990987
0.991733
0.562169
0.299082
0.275508
0.0985138
0.642226
1.61032
0.930643
1.53665
0.507833
5.91131
0.814795
0.00906659
0.496322
1.78744
0.425671
0.97877
10.3052
1.19244
6.81878
1.61263
0.536779
4.43856
0.412376
2.52187
1.07689
0.280844
1.99299
5.02104
2.27209
1.69677
0.307144
5.41813
0.506337
0.0367479
2.05349
3.98182
4.5154
2.23721
1.97277
1.26293
0.712056
3.25939
1.46636
2.70634
1.16014
2.28196
3.72151
4.43083
2.01367
3.59397
0.273523
1.19271
0.590325
0.0420119
0.330949
1.37642
0.124262
0.338886
2.00428
0.615766
1.9262
0.522398
2.02883
0.115453
0.131569
0.717414
0.265026
6.12337
0.964316
0.45397
5.76134
0.123518
1.11126
2.92708
0.187704
3.35833
2.11516
0.183592
0.299769
0.949945
0.311438
0.195428
0.0879512
0.207085
0.486617
0.610136
2.44995
2.84952
0.745781
0.589726
1.05419
0.275772
1.12059
1.21397
0.204372
2.21221
0.292803
0.790136
0.308613
0.719208
1.43497
0.190339
3.73565
0.213564
0.699505
0.0567849
0.676866
1.82873
3.1391
3.01922
0.708168
2.06447
0.175808
2.49655
0.449978
3.30142
1.01514
1.65593
1.09217
0.416905
0.541495
2.68081
0.081102
1.34312
0.733025
0.0304221
0.858573
2.64357
0.571975
0.930378
0.0742868
0.132031
0.204305
0.187181
1.91637
1.77255
0.602455
0.660019
2.55923
0.938291
1.38797
1.25733
0.518966
1.25504
0.329196
2.74233
0.202906
0.843336
0.0288847
1.18927
4.09287
0.538814
3.16643
0.538954
5.5338
4.76561
0.0324122
0.477893
0.924462
0.589435
0.529609
1.55261
0.258543
5.45784
0.229314
1.46748
1.19715
2.05099
2.44868
0.125068
1.08231
2.15277
1.90338
4.41766
0.0150931
0.462862
0.698649
0.02747
7.08216
0.712035
2.01353
1.05223
0.525114
0.345369
1.23467
1.61571
0.118596
1.58912
1.81303
1.47416
1.38989
0.204254
1.4443
0.264965
0.789296
1.46878
9.26531
0.14695
0.88177
0.61563
1.87253
2.16636
2.48052
0.109421
0.703364
0.193316
0.472681
3.80215
1.17002
1.70519
1.14144
0.976639
1.2289
0.39728
1.70473
3.12869
0.842046
2.23073
0.66045
3.88847
0.0732828
0.702788
0.132132
0.255966
1.57582
2.59954
0.709211
0.0486929
2.63707
2.37996
0.120774
0.307046
0.115495
1.08182
0.146683
1.9515
0.244475
1.73639
1.13618
3.31392
4.14826
0.155711
0.317059
0.326183
1.78971
5.59354
0.666624
0.706193
4.19299
0.294118
1.13747
1.55741
0.380757
2.72058
1.65773
0.292051
0.986341
0.102278
2.39912
2.03682
0.246512
0.0935836
1.14273
0.352039
2.36918
0.496253
0.225411
0.066614
0.087532
1.80026
1.83997
3.83901
3.2013
0.116558
1.18572
3.69044
1.09403
0.598317
0.503415
1.54441
0.816839
0.545106
0.00180406
0.338094
1.5851
0.107884
0.67323
1.94889
0.29147
0.192367
3.79527
0.787277
0.431511
1.57609
2.87788
0.999985
3.68203
0.888514
0.374829
0.341276
0.125645
0.924594
0.196144
0.162508
1.71088
4.52814
2.28167
0.333633
1.76581
0.189636
6.01179
1.29939
0.482739
3.15239
0.256036
0.57199
1.30022
0.3722
0.408323
0.485461
4.89969
4.93476
2.23673
1.14835
1.27598
0.167481
1.38603
4.74136
1.36967
2.56242
4.49352
1.3896
2.55653
5.65931
1.68974
1.93854
0.816999
0.62487
0.305691
1.78605
1.13911
0.48393
1.19796
2.77069
1.83154
0.282458
1.91161
2.52775
2.15708
0.321201
1.8612
0.366928
0.0996727
1.04822
5.6578e-06
0.0982507
1.32872
0.244427
0.388432
0.729527
4.54325
0.0197252
1.25644
7.87761
4.76251
1.26263
4.14774
1.9478
2.64615
0.492734
2.29051
2.2585
0.0775925
0.522505
1.33118
1.08555
0.721284
0.00403193
0.184625
0.811389
2.5581
0.295192
0.810014
2.75504
3.76745
0.654045
1.45364
4.85238
0.820718
1.00145
0.598232
1.5349
0.41743
2.16371
2.37631
1.90557
2.85805
1.57385
0.122098
3.07966
0.107972
0.491363
1.89215
0.893573
1.08436
3.34153
1.29694
1.95065
1.21278
0.297516
2.31289
2.6541
1.04457
1.37418
0.0498313
0.280568
0.284022
0.394959
1.8595
1.84217
0.236914
1.11571
1.51258
1.69507
0.043152
1.43217
0.053622
0.343454
1.05132
0.345333
0.403676
1.20706
1.40384
1.70938
1.25554
1.46441
1.39676
1.04604
2.59677
3.34933
5.70345
3.14683
1.12259
0.251523
1.454
1.01194
0.769447
0.642242
2.24679
2.52643
0.0324861
0.129128
0.550794
0.395517
1.07594
4.69543
0.890539
2.13771
0.628412
0.570602
4.50609
1.45046
0.891979
1.65389
4.20828
1.35188
0.667336
1.00007
0.769731
0.437011
2.32061
0.526901
0.547132
2.25
2.76783
1.55785
4.88853
0.286009
1.55537
0.215281
0.0661421
9.35255
0.101922
0.111566
1.84684
0.91329
0.988635
0.700144
1.11983
1.09848
0.58876
0.326599
0.894581
2.02956
0.281332
0.465121
4.47917
1.13367
1.80097
0.157775
0.0323574
1.66947
1.26695
2.41578
0.41827
3.20003
0.73598
0.563301
3.42528
4.63812
2.72807
0.59181
0.427285
0.132901
0.080191
3.762
0.738802
1.57507
3.28371
0.747351
0.0327895
0.788839
1.38427
0.202697
0.738406
4.18482
1.26246
0.172807
3.08572
2.14058
0.117526
1.26134
1.8403
0.028106
6.46743
1.33105
3.9021
0.837505
1.85392
1.19855
2.55974
1.04123
5.45884
0.859624
0.953052
1.57522
0.889405
2.0231
0.80148
4.97547
1.17025
2.92294
1.10045
3.56793
0.661393
1.95598
2.37395
0.477126
0.347632
1.73071
1.07744
0.27904
4.95609
1.43766
1.6537
0.400092
2.65816
0.397889
3.67799
1.21823
0.626238
0.503134
0.746922
0.155017
0.294449
1.27809
0.386694
0.638657
1.25092
0.354756
2.78437
2.24445
4.48074
0.810979
0.222798
2.63143
3.20482
1.99163
4.05596
4.72206
0.69387
0.649353
1.2755
2.71026
2.08363
4.75115
0.3925
1.08269
2.73036
0.994896
1.32623
1.48126
0.537629
1.39898
0.598393
2.88089
0.878254
0.832861
3.29988
1.32656
0.307623
0.634345
4.57397
1.01497
1.65626
1.92677
0.132022
0.0571426
0.376503
2.45635
2.7489
3.88304
1.00155
4.1538
7.58024
1.59125
4.83478
1.42603
1.1097
1.12964
0.958013
0.0761525
5.06997
2.09553
0.131618
3.26609
0.254515
4.15552
0.340805
3.07521
1.5681
0.948845
1.54977
2.844
0.208684
3.12992
0.228254
0.844624
0.405674
1.5531
0.137791
0.185191
0.0358973
0.875289
3.61576
0.408926
0.813036
1.20348
1.47449
0.0169484
2.67904
2.0001
0.00809602
0.949008
1.4295
1.07057
1.2036
0.422883
4.11353
0.570632
0.29619
1.37766
1.56987
0.939061
0.367807
2.24858
0.559848
0.518258
4.67054
0.25177
4.93458
1.8054
0.0125126
1.43929
1.65532
0.453642
0.463933
0.309248
0.270639
1.34169
2.4582
3.01011
1.81378
0.176697
1.63973
6.22062
0.478305
2.52441
2.54822
6.08718
1.19687
0.673216
1.50605
4.04017
0.0740914
12.2732
0.536185
0.521397
2.60558
0.573393
0.562889
1.91355
3.47022
1.09025
2.85348
0.0509281
0.0837848
0.0671138
0.798768
0.218656
2.23233
0.807183
0.615477
1.28344
1.92442
2.16832
5.89284
0.698444
1.29449
0.278823
4.31463
0.259312
0.381592
0.137886
0.139407
1.4482
2.31178
0.274313
3.87663
0.136192
2.13381
2.49443
2.11913
4.97322
1.48492
1.30665
0.845422
0.601147
1.17645
1.39954
2.14158
2.09131
0.670979
1.44862
1.27806
0.0858322
1.92583
0.267861
1.30766
0.23168
0.678699
2.23985
0.765263
0.408535
0.127343
4.3095
3.67165
0.825121
6.88031
2.6251
1.302
1.23813
1.71858
0.891754
0.489631
1.91286
2.01685
0.336666
3.15406
0.857916
1.68859
1.11714
0.42356
1.58033
0.94573
0.131343
0.100222
0.452541
0.228829
4.91423
0.235984
1.4812
0.0891889
0.340031
5.17271
1.51718
0.916543
0.510543
1.40443
0.503226
0.20981
2.81567
8.4084
0.329118
0.20963
0.143718
1.27031
3.9718
0.0386697
2.04294
1.99686
0.8322
1.52319
3.35046
0.606841
0.331673
0.155576
2.63416
0.251353
0.0111387
0.63082
0.0701387
2.34241
3.68362
5.56164
1.72171
1.40859
1.13385
1.46871
1.98243
1.15709
4.55896
0.980884
0.597778
0.396028
3.53814
0.180909
1.24228
0.0510614
1.0328
1.52109
0.657515
1.98832
0.152278
0.973258
2.27252
1.93883
0.603257
0.680279
0.0526203
0.696714
0.758252
5.19118
0.290136
2.43049
7.21692
0.400507
0.739997
2.65605
0.358504
4.55924
1.49515
0.0533313
0.0941441
0.848605
1.40376
0.646685
0.279495
0.319024
0.016769
2.79879
3.41556
2.48044
3.48822
0.617033
0.224597
0.327526
2.41141
0.847015
0.988969
0.553106
0.267445
1.7222
0.606262
2.96358
1.07764
0.508881
0.639403
0.0372914
1.73882
0.12887
1.60041
0.731826
2.27476
0.415137
0.522524
2.01307
0.2353
0.115054
4.34362
0.493136
0.0431365
0.887366
0.167696
2.10966
0.0954846
1.14098
0.130993
0.95215
0.527916
0.560543
1.55613
0.232117
1.22204
0.482984
3.03743
0.979456
13.7499
0.419814
5.31508
0.0348579
0.105889
1.17145
0.0120608
1.3566
2.15305
0.908034
0.757391
0.2305
0.0401765
0.314997
0.994123
0.199407
0.240976
0.610558
4.62197
1.2908
1.89262
4.20313
0.153324
0.100187
3.32041
3.48046
2.54812
2.33479
4.92691
1.00835
3.34191
0.0745203
1.27763
0.0163535
0.411188
1.78999
3.9668
0.0889485
1.63479
0.834483
0.568122
4.21658
0.339507
0.501487
0.317762
1.29142
1.50975
0.150009
1.01108
1.07633
0.180911
1.2868
1.82173
1.54879
3.73499
1.11006
0.964822
0.414695
1.16899
0.75686
1.20697
0.183795
0.31772
0.314786
1.26395
0.538415
2.11319
1.95033
1.2584
0.963785
0.21324
0.375735
0.173223
0.0470013
0.947456
0.703646
0.164294
1.49945
2.26768
2.36918
0.514041
0.933794
1.402
1.35642
4.62662
5.03596
1.49684
0.0162516
0.177037
0.0806458
2.06797
6.94752
0.593367
0.00489311
1.99953
0.585202
0.406613
1.66868
1.64643
0.155634
0.780792
0.269603
3.41021
1.60118
0.678821
1.55686
0.0493927
0.807617
0.289392
4.08934
1.87957
0.656846
3.43304
2.34887
0.11958
2.75588
0.803674
0.657008
0.108019
2.17203
2.19179
0.898939
1.35885
8.1415
0.263695
0.980745
1.09652
2.11345
0.860787
2.50844
0.718647
1.91729
1.27825
10.4803
0.957583
1.05605
1.04977
1.44819
2.14665
0.648047
0.125863
1.8231
0.322364
0.388006
1.7892
0.420379
2.10812
2.51393
3.50951
1.00973
2.40729
0.291374
0.399465
0.900172
0.294268
3.60038
1.75522
0.837792
1.18441
0.34901
3.82347
0.623663
0.459467
0.763683
1.39424
0.693555
0.207669
5.22632
0.76182
0.0776268
1.61724
3.48754
1.34475
2.8238
3.65672
3.16478
0.0900758
1.24328
3.42571
0.871405
1.36505
8.05146
1.34982
5.6005
0.386387
1.71692
1.12888
0.8558
0.495924
1.01457
0.80851
0.0198402
2.74071
0.336048
0.630919
2.26257
0.236006
2.69984
1.10304
2.6272
1.59621
0.307151
0.0528282
1.45306
1.092
0.648241
1.01834
3.19422
1.60464
1.71208
0.420634
3.66014
0.385042
0.0484086
2.04166
0.103881
1.24197
1.10631
0.754947
1.37768
1.82447
2.11565
0.952119
0.173413
3.97792
3.15544
0.599281
1.13846
3.10577
0.498578
2.70808
2.05673
0.242717
4.15569
0.58367
1.42532
0.855266
3.48058
4.49556
2.06565
0.856593
0.536687
0.385383
6.06448
0.192578
8.90771
1.78503
0.0782431
0.363715
2.81946
1.04703
0.64493
0.719647
1.61713
1.05695
1.01901
1.65173
3.48203
1.19329
0.455048
3.4704
1.84346
0.765591
0.880644
0.587131
2.91168
0.961648
1.11858
2.99377
4.67725
1.00246
0.190062
0.316147
3.82629
2.51095
1.60278
1.12692
0.151625
2.98674
0.374323
2.30571
1.30323
0.638454
0.118194
1.02019
0.627089
1.24942
3.31459
2.15882
2.6979
4.01985
1.17975
0.985209
1.00437
0.160887
0.714192
2.14571
2.79259
0.207563
4.19754
0.51363
0.320197
1.47706
2.28345
1.22426
0.528209
1.43474
0.216328
0.338218
2.12181
0.452697
0.864931
4.03659
0.600634
1.75566
4.58228
3.37733
0.539172
1.69004
2.43455
7.08245
0.783537
0.839461
0.411741
0.802374
2.65753
0.0503948
0.486781
1.63236
0.404767
3.22859
3.99373
0.527318
1.37154
0.37045
4.02767
1.15652
0.0667131
0.189615
2.21306
0.633571
0.483008
0.0919339
0.255946
0.925832
1.41373
0.0610806
1.53463
0.282389
0.128321
0.0213576
1.40954
1.75652
4.06275
0.0549621
1.73936
0.00232315
0.0151096
0.893402
0.927593
0.428058
1.35397
2.78144
1.509
0.0655745
3.63667
0.205277
1.42482
0.496623
0.187961
0.851905
1.31094
1.00763
2.16214
1.49412
2.08353
1.79191
0.878959
2.60524
1.59792
2.38465
2.57519
2.17903
0.246941
0.222937
0.275325
0.663207
2.3779
0.684363
0.102201
6.14624
2.16378
5.06684
1.22083
0.521826
0.371975
0.483385
0.200966
0.837051
2.38264
0.364188
0.0138986
0.0145906
1.76012
0.836461
0.019905
1.21681
0.481193
0.575064
0.117483
0.206692
0.873941
0.97758
0.0822612
3.33086
1.56689
1.82669
0.152093
1.38535
4.61208
0.966265
1.98402
0.484308
1.42046
0.63285
5.53559
0.924697
2.08239
1.07294
1.26028
1.39845
5.45247
1.21845
0.932095
0.733872
2.79287
1.45142
1.17213
0.979595
2.5059
0.0403676
0.479708
0.399225
0.748632
2.01986
5.89137
0.0759049
0.598404
4.13513
2.38467
3.136
1.28923
0.489689
0.314922
2.41823
1.91918
0.93757
0.492398
0.108175
0.739716
3.60868
0.15694
1.35888
0.225366
1.43173
0.24735
0.0441347
0.55784
2.32022
0.683377
0.103158
0.00624023
2.23384
0.405141
0.135324
3.15229
0.0256325
2.16401
1.36302
2.7804
2.43854
2.44588
4.59038
0.255453
2.48965
1.35634
1.42575
0.500541
1.36707
0.137393
0.0615971
0.327079
2.2127
0.850333
1.36267
0.468918
0.177855
0.332563
0.140451
0.48568
2.00938
0.605667
0.800442
0.22728
0.0872252
0.91505
0.344001
0.7141
0.19308
4.41649
0.581518
0.442647
3.20762
0.86112
3.64922
1.10321
2.10673
0.0169946
0.632018
2.97512
0.693023
0.70295
0.368536
0.278315
0.369467
0.590388
1.06872
0.83404
0.948019
1.9482
0.0779221
2.42163
0.542455
0.599122
0.617698
0.118382
0.87952
0.58363
0.555982
0.832914
0.398333
1.93707
3.56877
0.39313
4.43389
1.11441
1.69429
0.370418
1.59101
0.0803369
0.946145
1.22179
0.0472893
1.35894
0.702035
2.44495
3.44944
0.587466
0.76705
0.437248
2.17382
0.958392
0.515048
0.950219
2.57154
0.780149
3.27688
2.50084
0.611133
0.411472
0.186206
0.110039
2.52662
0.791001
3.58374
1.71645
3.11392
2.18095
0.297214
0.0175242
0.353282
2.43112
0.737189
1.37854
1.28041
0.583229
0.454184
2.06538
1.6625
2.85806
1.63299
1.52644
0.104184
1.98041
0.98894
0.221003
0.99756
4.45709
4.32542
4.31232
1.80988
0.077054
1.24563
0.71849
1.5018
0.918699
0.751703
1.39542
1.33257
3.38956
1.65431
1.01592
0.136978
2.44926
0.622428
0.202645
3.11308
1.33926
1.70626
0.71688
0.915167
3.72582
5.74639
0.934071
0.481136
2.88641
1.01427
1.72253
1.1204
1.13552
0.851529
0.328791
0.32442
2.3755
2.76806
0.102169
1.56847
3.77747
0.859627
0.995851
0.154813
0.18814
0.331812
0.651611
5.26751
0.678988
2.75092
1.16607
0.626426
1.68303
0.525898
0.758117
0.0838239
0.917668
0.2108
1.01191
0.43836
0.11423
0.738685
2.89522
2.94364
0.603164
1.64939
0.24495
0.340788
1.91419
3.26756
0.0319552
0.453121
4.51155
1.55159
0.147008
0.0546955
2.45781
0.0294138
0.674274
0.329884
0.0337636
0.131146
0.0651828
1.85987
3.52718
0.90511
1.01571
3.5872
0.412985
10.471
0.703856
1.26576
0.0812889
1.28289
0.182182
0.321056
0.775348
2.89524
3.15099
0.403163
0.25752
0.593399
0.419935
8.1351
2.80206
1.23476
0.207154
4.45505
2.24169
0.0143382
3.30325
2.16992
0.363429
0.618385
0.286301
0.632877
0.293349
0.889478
0.319187
1.0047
5.36192
4.9881
1.57549
1.09457
0.414362
1.83241
0.0737498
0.661794
1.44001
2.14935
1.27742
0.0276011
0.852763
0.0432292
0.911008
1.2464
0.242191
3.77092
1.04993
0.968476
1.96588
2.36784
0.315159
4.62121
0.308195
1.24641
0.360175
1.73669
1.34876
0.193721
0.450584
3.70023
2.84612
1.79319
2.40031
0.822992
0.368678
0.794753
1.74158
2.34751
3.27633
0.17964
4.64269
0.257354
2.12303
1.38898
0.10224
0.762386
3.06323
0.552288
2.57987
0.278245
1.25909
2.8512
0.367627
0.338326
1.93476
2.24727
0.0331424
0.486014
0.885739
0.0185079
0.158796
0.572836
0.0770363
0.707508
0.213957
0.324628
1.68327
0.228084
2.36419
2.03493
1.77254
0.575474
0.352302
0.192729
1.01891
0.146813
0.0826083
1.27456
0.628246
0.147291
3.57803
2.46203
0.323458
0.179169
0.462414
1.74764
10.3927
1.15539
0.258257
0.493928
0.792546
0.191201
0.834575
3.55634
0.487426
3.24268
0.328009
0.251933
1.046
1.39084
0.546706
0.927019
2.27398
0.605523
0.616315
2.43286
0.454745
0.739821
1.48083
1.15195
0.558104
2.61928
0.381096
2.29148
0.196935
3.13508
0.531511
1.39794
2.01256
1.58477
2.18449
0.892161
2.37018
1.3613
0.110645
0.200453
0.781359
4.26369
0.906467
2.4289
0.948966
0.687101
1.01876
0.404397
1.89921
2.53681
1.09375
2.58862
1.72803
0.0554424
3.10288
0.325701
0.666773
0.888455
2.91421
1.16804
1.04494
1.62539
3.46369
0.439191
0.0296506
4.96444
0.0656138
0.607715
1.94317
1.63131
0.488958
0.492322
0.91954
1.03621
2.51067
0.0993674
0.538274
1.5817
2.3871
0.838907
1.77753
0.843611
2.21437
1.80456
0.302721
1.13031
6.02953
0.277679
0.518926
0.4375
3.10793
0.598794
3.02956
2.44314
3.97182
0.0726114
0.350015
2.83986
0.248582
1.94772
1.29893
0.23279
0.0121547
1.53014
0.092495
0.10843
0.0748593
0.310772
0.0901645
1.03824
0.357729
0.178829
3.32498
0.998743
2.16744
1.59093
2.01706
2.59895
0.355982
1.74524
1.43573
0.733898
0.032316
0.367141
4.05966
1.94538
0.86077
1.84453
3.51936
0.1456
1.9292
1.37585
1.15184
2.00044
0.0450646
0.828905
0.798902
0.0232777
2.45563
0.473389
1.82879
0.111435
0.625873
1.34512
1.12547
0.81612
1.48899
0.991068
0.933672
3.07448
1.36594
7.82601
3.14264
2.06307
0.206541
4.9278
2.97372
0.374494
0.495625
0.124229
3.00371
0.0564479
1.94954
0.274764
0.199338
0.961062
0.109143
0.991717
0.367577
2.14381
1.96605
0.56681
3.06982
3.02252
0.566506
1.16564
0.242955
0.337435
2.1252
1.01602
1.58458
0.0670226
0.858864
1.65474
0.139362
0.268192
1.71488
0.459984
1.64861
0.46324
0.982927
0.379906
0.865648
0.88657
0.278075
5.85192
0.391126
1.61914
0.20155
0.254066
1.79333
0.46027
0.0360038
1.40279
0.110023
1.57382
6.43557
2.07691
0.265473
0.303136
0.61054
2.51559
0.760402
0.989829
0.515296
0.85525
2.41443
0.376342
0.774012
3.90674
0.497154
0.734114
1.06233
0.317509
0.482606
2.37083
0.145528
7.47515
2.98418
0.534545
0.849538
1.16699
0.108364
0.670789
0.438045
0.874502
7.14842
2.78127
0.62702
0.0858899
0.608235
1.41928
0.389329
0.228669
0.828004
1.384
3.69081
3.02479
1.82358
2.20563
0.487801
3.74339
0.535147
0.248853
0.523209
0.254599
1.9843
0.193231
0.847648
1.08597
1.59408
3.76357
2.60923
1.10701
0.265443
3.40573
0.956013
0.353845
2.28777
0.144807
1.61983
2.19694
2.69841
3.03738
0.787843
0.00670485
4.75564
0.633541
0.0816183
0.110291
0.866833
3.41038
2.88076
0.374343
4.97216
0.32284
1.11933
2.91521
0.230062
2.55397
2.04308
0.234302
1.0791
0.384109
4.26247
1.61048
0.0983708
2.82307
1.59641
4.22092
0.187226
0.271675
0.487183
3.75983
0.782313
0.507052
2.03323
2.26962
1.30084
0.238084
1.87435
1.51382
2.22191
5.10818
0.236012
3.32291
4.90462
0.101298
1.14279
1.08636
2.15926
6.63307
0.251715
0.862233
4.15691
0.297754
5.31419
1.98122
3.58706
0.142408
0.403453
1.5316
4.74659
0.122433
0.602567
0.322262
0.555437
0.355557
3.91964
3.81089
0.487924
3.71138
0.813963
1.33568
0.362574
2.49547
5.29574
1.87724
3.54149
1.58284
0.474108
1.3022
1.07898
1.2855
1.18482
0.622951
9.041
0.932372
0.0850571
1.09711
4.26634
0.298005
0.480616
1.45558
0.38516
0.086907
0.145415
2.79852
0.834343
0.806984
0.0569306
4.08793
1.69871
0.287774
5.75839
0.690708
0.0311146
0.0583234
4.57525
0.279635
1.02633
0.204389
4.24975
0.555783
3.31547
2.71311
0.00895899
0.130573
0.254973
0.475589
1.67121
5.56484
1.23873
1.53992
0.788534
1.2955
3.98491
0.725016
2.60669
1.0514
1.72801
4.72304
2.77488
0.164391
1.3874
0.0596333
0.0990461
4.03139
0.698636
3.86885
0.996346
4.49472
0.486692
4.13129
0.0913055
1.14358
1.7481
1.40075
0.1701
2.53681
1.11698
0.737136
0.414145
2.96254
3.5085
0.783622
7.82891
0.0814907
1.89208
0.420907
0.372539
0.332186
1.84607
3.95371
1.34369
5.13542
0.305288
0.0281626
1.40661
2.78672
3.25319
1.83202
2.0377
1.77452
0.179029
3.11583
0.89276
1.02507
0.0414254
2.47161
3.76774
1.44829
0.279507
0.545409
0.676268
0.867974
0.109809
0.809239
2.28153
3.02917
0.388435
0.776577
0.096491
0.173248
0.487273
1.55569
0.762339
1.1967
1.10163
0.470193
1.22327
0.691212
1.31146
4.88922
0.956369
0.569649
1.59656
1.16179
0.498411
1.03345
0.551039
0.212613
0.196899
1.11301
0.394001
0.91235
2.08742
1.1673
1.70714
1.20464
0.848986
0.0422152
0.798476
0.365215
0.0412022
0.701895
2.6033
2.5613
1.72738
1.83599
2.74454
0.170536
0.294515
0.311283
1.85186
2.91745
1.95885
1.06036
0.643676
0.412375
2.49239
0.833738
1.1183
0.81437
0.411901
2.23809
4.93913
1.36658
3.38046
7.23971
0.526581
2.29552
4.1099
1.77387
3.03694
2.12734
0.524468
0.170689
1.87887
0.219268
1.79586
2.76588
0.340938
0.104118
0.0675175
2.00597
0.564258
0.452159
5.43958
1.95672
0.0598004
2.98338
0.116666
1.63581
0.42682
0.275935
0.0694534
0.927196
2.87947
0.175804
2.21872
2.65951
2.45192
0.292519
2.37579
1.08713
4.34571
1.28102
0.327631
2.08927
1.74708
0.0887197
0.427565
0.888232
0.957641
2.84734
2.03746
6.67057
0.222417
0.245009
2.19339
1.44211
2.14765
0.0498765
1.62036
2.27356
0.497357
0.024958
0.606652
2.28855
7.22228
1.91745
0.142402
0.287815
0.66148
0.655846
1.62823
1.5195
3.8471
3.12499
0.46705
2.33898
2.66819
0.480489
1.34306
0.138389
0.37489
1.98036
0.643037
1.29878
0.838348
0.180712
1.3883
0.0753678
1.39912
3.90228
1.3116
1.39163
2.63065
0.675512
0.0628654
2.64885
0.877085
0.211736
1.34847
2.66618
0.940697
0.0209279
2.97232
0.0769084
0.021665
0.00711127
1.0125
1.41769
0.497052
1.26027
1.11135
0.664012
1.35436
1.48976
1.88011
0.119992
0.165135
0.111713
0.404426
5.33392
0.139023
1.78339
0.889562
1.85977
1.28377
0.518378
3.53856
1.20965
1.24966
0.0959618
1.19183
2.99635
3.21861
3.2627
2.7668
2.71436
0.524327
7.34932
2.3313
1.82417
2.01681
0.167845
0.425204
1.13817
0.560339
0.120521
1.28708
0.0905976
0.105673
0.516613
3.41045
4.10299
1.73821
4.19159
0.368986
0.168828
0.144506
1.36863
0.172207
3.17962
0.184296
0.261227
0.467696
0.144985
0.95745
1.88838
0.953698
0.989815
0.354626
1.79794
3.16119
0.281085
5.66453
0.0249891
1.68418
0.917955
3.14417
2.96188
3.17801
4.45939
0.462886
1.27626
0.933175
3.24055
0.8577
0.547975
0.607437
1.58533
4.97427
0.0818825
3.10942
0.851306
2.24592
1.52847
0.543609
0.613517
9.95678
6.35237
1.44121
3.59763
3.39078
0.150203
0.924173
1.28307
0.00171574
0.359874
0.0536816
2.83447
0.0563595
2.2242
2.3539
2.63539
1.1735
1.11895
2.95924
2.20509
3.15402
0.727137
0.958885
0.344025
1.3375
1.33285
0.369679
0.306898
1.96151
1.31893
2.31883
0.0518306
2.62515
1.70469
2.09558
0.350975
0.676157
1.54597
1.58411
0.359337
0.53583
1.07758
4.4999
0.287775
6.60811
2.18794
0.853831
2.42047
1.84163
0.778811
5.29395
0.202386
0.619988
0.0907806
9.69251
2.04673
1.39495
1.0366
7.03662
2.17789
0.293931
2.44456
0.0720465
0.293
0.378415
0.936895
0.391214
0.824132
1.33504
0.540121
0.158678
0.200922
0.00510766
0.212796
3.56042
1.15593
6.04027
0.586703
1.44578
0.893584
1.31122
2.39278
0.666064
0.649903
1.28135
2.16947
0.00539741
0.687098
0.956712
0.643696
0.72856
0.50897
0.0908948
0.339501
0.387763
1.34724
0.34207
0.268546
8.58007
3.18471
4.68868
0.213638
0.13792
0.853914
0.599551
1.22629
0.580761
1.0493
0.0038022
1.19252
0.686362
0.433184
1.80445
2.48209
0.877803
1.41638
1.33132
0.279218
1.46061
1.11029
1.74877
4.13041
0.859045
2.49227
0.265083
1.10518
0.59606
0.534791
0.678001
2.45413
6.29649
0.714158
1.10665
0.34733
8.50207
4.17885
0.909491
0.532888
0.839708
2.59493
0.429267
2.22268
3.80134
2.55116
0.0207918
0.665797
0.847586
0.189758
0.309213
2.85018
1.06703
0.21501
0.81623
0.640745
2.72893
3.35774
0.08901
0.564766
0.272544
0.780678
0.785015
0.425131
3.814
0.0332621
1.33321
3.27938
4.79454
0.795177
0.996039
0.296464
0.184264
2.79444
0.636413
0.206259
0.348542
2.22557
0.45839
1.09451
3.72207
0.944033
4.67338
1.25259
0.539361
0.259777
1.40534
0.474931
0.529675
0.262023
2.16086
0.38502
2.73234
0.120525
1.43374
2.40138
2.81886
0.937175
3.65619
0.671718
3.65996
0.0773556
2.22975
3.0491
1.63155
0.304203
0.153482
1.59091
1.52654
0.995188
0.476939
1.73169
4.56943
0.122395
4.20166
0.149275
0.072259
0.886984
2.00755
5.35484
1.99517
0.893651
8.29598
0.733972
1.13903
2.81604
1.5617
0.32798
3.38002
0.960551
0.0805121
0.598084
1.14267
3.59518
0.763697
1.80275
0.178365
0.473936
0.29462
0.241889
0.0723111
0.00309633
1.60765
0.399622
2.42282
4.41666
0.829706
1.30023
0.40718
1.07661
1.59699
0.296634
1.7201
3.04226
1.43237
3.79767
1.19264
7.96847
0.213996
1.24964
4.8959
0.619607
0.408731
2.0861
3.0939
0.877473
1.21599
0.312931
1.81781
1.32032
0.433093
4.09226
2.93362
1.03772
0.525325
3.09073
3.90452
0.874556
0.597243
0.340119
2.09719
1.65049
0.445374
1.40609
1.38469
0.0222113
0.0566223
1.40738
0.37438
0.501815
2.59722
2.32443
0.773695
2.47064
2.56417
1.05335
1.08804
3.26453
0.269478
1.94852
0.0694366
0.494424
0.782689
2.32761
4.69126
0.767513
0.688286
3.21281
0.477939
2.65217
2.44396
1.96635
0.346208
0.0378076
0.594375
1.37735
0.388055
0.195457
0.642834
0.150389
0.617371
1.56922
3.34553
0.780743
2.76997
0.853744
0.433536
1.58026
0.29957
1.54876
2.51509
0.608347
0.892733
0.596542
4.0237
1.04317
2.23593
1.04396
0.413479
0.330713
0.972417
2.86812
0.713923
3.303
0.895323
0.57845
3.58859
1.64045
1.76974
1.74183
1.70401
0.527352
2.98234
1.00769
0.1716
2.55517
0.346914
0.532554
2.45792
0.428362
0.257504
0.295879
1.97241
0.968763
0.810397
0.628744
2.1535
1.6524
0.723812
1.04368
1.65624
1.6988
1.06207
2.10644
0.329413
2.29267
0.0540761
0.179259
0.27251
0.128533
0.313101
0.438934
3.10867
0.71241
0.648214
0.520586
0.777352
0.404245
0.831105
1.32906
1.97843
1.24883
8.0871
0.854539
0.523501
0.948974
0.79931
1.80886
1.49673
1.26545
1.14996
4.47091
2.78036
2.03848
4.12999
0.216052
1.12998
0.451716
0.543833
0.122273
1.69253
2.53046
0.728808
7.57345
0.273394
0.619303
5.83027
0.512364
0.182485
0.342991
0.718557
0.158783
0.300541
1.21136
0.134099
0.606691
0.110563
0.459745
1.79508
0.334227
0.0289616
0.746095
0.944979
1.39942
0.415995
1.30538
0.94829
0.632423
2.71986
0.666252
1.80039
0.238337
0.215814
0.374692
0.00605706
1.96667
0.279978
1.76234
0.176242
0.212392
5.89761
0.82645
1.28463
0.729547
0.14309
0.288396
1.9406
2.07392
2.17919
1.28511
1.67756
0.524055
2.80137
0.691978
16.3183
1.72399
1.76965
0.669902
3.40974
0.168773
1.17912
0.466126
0.350761
0.936216
0.251365
0.188359
0.685622
0.00171715
0.390355
0.0068593
1.71269
0.876211
1.66242
1.30098
2.2333
2.95062
0.533586
3.53865
1.58091
1.84866
0.778458
1.44537
1.84181
5.83693
2.55058
2.53403
2.17984
0.492657
0.255325
1.36762
1.27467
3.01939
1.47569
0.0597883
1.97964
0.300297
0.576008
0.509215
0.0203334
0.516427
0.823114
0.00998675
1.12145
0.171076
1.29375
1.61343
0.717961
4.95113
1.27096
0.0843752
0.532464
0.151663
0.418229
1.16133
3.91544
0.947634
0.859911
0.497684
1.55976
1.21125
1.23239
0.861937
0.106647
0.91176
0.250823
6.37067
1.26075
2.98055
2.00856
3.77871
1.19641
0.0783388
0.398309
1.1026
1.06878
1.98833
0.179459
0.252952
0.240051
1.06446
4.50893
0.322014
0.106016
3.01715
0.494831
1.72732
1.03961
3.40217
0.66495
0.627304
0.236634
2.75267
1.67718
3.34671
2.61788
0.985532
0.681501
1.96504
0.422709
0.920864
1.13388
2.30166
2.51178
0.768793
4.78727
0.110492
1.12148
0.506677
2.03512
0.410513
4.3848
0.855237
1.87667
0.108992
3.62196
0.93611
1.09983
1.32734
2.34603
0.793397
2.01456
1.0586
1.42172
2.51957
1.86371
0.623293
1.12983
0.938438
0.994828
0.327819
0.883055
0.61276
0.664309
1.96485
1.74783
1.70824
0.989955
0.0327965
0.996927
0.546319
0.89022
2.31177
0.231229
0.0393305
4.75068
0.0111411
0.693575
0.477414
1.22385
0.468836
0.87261
0.239072
0.2593
0.191148
3.49975
3.86521
0.746692
1.14253
0.283362
0.185345
1.21519
0.341014
2.01107
0.541827
0.840144
1.4094
0.148852
2.07476
0.205039
0.507109
0.335649
2.16696
0.744731
0.275897
1.79009
0.466279
0.932857
5.34826
1.59176
4.45658
1.59843
2.08375
0.542955
0.386973
2.12987
0.284515
2.45784
0.117541
1.94036
0.01888
0.370188
1.50382
2.30214
5.4206
0.05347
1.23603
0.724204
0.366362
0.155889
6.35096
0.73443
1.67578
2.08304
0.567026
1.13032
0.0602237
0.817672
1.87883
11.6189
1.97093
0.0245531
3.06471
0.925283
0.516049
0.80949
0.808798
3.43694
0.356404
0.787774
1.18902
1.47143
0.266753
0.319432
1.83439
1.27811
0.596901
1.49591
0.284369
0.907428
1.73172
0.130575
0.296565
0.0692414
0.322125
0.107653
4.32147
0.947735
0.0515339
1.42802
0.155586
3.96453
0.434917
0.411461
0.0385557
1.03551
3.31001
0.181453
4.97097
1.86238
0.0571146
3.79166
0.301853
1.31745
3.39055
2.63786
0.566447
0.138465
0.0011138
0.966775
1.99195
3.25908
0.400429
1.94105
0.218128
1.61766
1.03081
0.87428
1.37947
1.84075
1.06644
3.25801
3.02391
0.7444
3.58692
4.4397
3.54329
1.20181
0.443608
3.40718
0.253654
2.41282
1.39043
1.06232
0.249775
0.0779434
0.042656
0.362513
0.489165
4.62535
0.5574
0.743332
1.4594
0.832505
1.37165
1.7211
0.802146
0.614655
0.945883
10.4819
1.00468
3.35577
1.77573
0.474121
1.75287
0.44327
0.118735
0.150102
0.854434
1.47924
3.46726
0.395243
0.248494
3.31197
1.1443
0.823141
0.296727
1.16011
1.48571
3.16467
3.55253
0.499967
7.8646
0.318535
1.28634
1.16217
0.401261
2.99026
1.36142
1.4488
0.639603
1.00041
0.681362
2.02904
1.71945
1.26634
2.69089
3.4105
6.59688
0.383232
0.607183
2.09269
0.323785
0.0992815
0.769512
2.2755
0.0854002
0.245838
1.59475
1.07412
0.00773684
0.939791
1.33337
1.38499
0.660097
0.711672
0.349131
11.9234
0.103462
0.29307
3.12209
0.369608
1.22517
2.53768
0.586963
1.3248
0.0307056
1.19444
0.094814
0.980126
3.64656
3.55812
0.214587
0.554491
3.26719
1.2004
0.252678
1.22161
0.260759
2.98314
1.82725
4.65474
0.429742
2.23437
1.22944
3.35532
0.263114
0.0325711
0.0218181
1.78405
1.82516
0.0425102
1.47817
0.747877
1.36996
0.196365
0.48658
0.0531368
4.76121
4.97677
0.104944
1.66639
0.406591
0.97871
1.57379
2.93264
4.44264
1.41423
0.318768
1.77546
0.640892
3.66707
5.51439
1.00864
1.18129
0.600921
2.78182
0.557947
1.44218
0.11981
0.362659
1.23585
0.95217
0.798966
0.862228
3.49965
2.47843
1.29768
0.447054
1.35418
2.30827
1.98231
0.285579
1.60645
1.50685
0.392156
1.18947
3.6679
2.31819
1.06423
1.77101
0.0670436
1.62232
0.427626
4.70368
0.968575
0.562951
0.341461
1.96566
0.200385
1.97754
3.16675
1.94934
1.20782
0.786586
1.65234
0.232988
3.7105
1.30362
0.349433
1.72111
0.990983
5.35121
1.33057
1.77507
6.04427
0.193027
0.835107
0.581889
0.127153
7.99831
2.17232
1.1481
0.452049
0.0954813
1.03116
0.838494
0.075143
0.35525
0.351511
0.172933
0.210575
0.530349
0.951737
2.7504
1.47323
1.83374
0.816318
3.75595
2.98577
1.99516
0.796658
0.416165
0.0369936
0.846632
0.0649974
1.91732
1.59703
0.607041
1.76374
4.71837
1.35019
1.66144
4.55882
0.78074
2.6085
0.126587
0.264352
1.59497
0.671989
2.86597
2.62051
1.48112
1.93028
4.03946
1.07966
0.508026
1.11963
0.969775
0.676121
0.743411
0.268515
1.84533
1.05543
0.0700243
1.25456
3.11765
10.5725
0.759138
4.6527
0.37115
0.091699
1.71368
4.65684
0.53814
1.40698
1.01672
1.63873
0.448496
1.29229
2.1822
0.879005
0.176093
1.56122
0.572817
3.58184
1.95012
3.68443
2.09975
2.07686
0.015879
5.91731
1.92658
1.00989
1.88526
1.16985
2.45336
0.563932
2.07228
0.252431
0.374055
0.887966
2.61303
6.37544
0.602301
0.328231
0.248779
1.36921
2.00207
2.57801
0.865532
1.88407
2.08298
0.220585
0.867694
0.553354
0.122764
2.03108
1.26803
5.31622
0.745038
0.455382
1.61356
2.96687
1.43703
4.38364
1.97615
1.92828
2.01351
0.907106
1.89963
0.220041
0.292414
2.60915
0.660067
0.273124
2.56315
0.867981
0.180808
1.22947
0.0754861
3.03155
2.19225
1.59916
1.28426
1.50653
3.564
0.468515
2.47572
2.12671
1.31016
3.14618
1.48045
4.16928
2.57652
0.900588
2.02036
0.860524
0.250916
2.99378
5.54741
2.10022
0.0968038
0.754399
3.31067
3.98725
0.382246
2.20603
0.500348
0.0736278
0.085683
0.234025
2.95063
0.55398
4.0927
0.292234
0.273247
5.23067
3.29486
0.629987
3.75348
1.35355
4.74515
0.7501
1.9206
3.52169
1.33497
4.87087
1.12197
3.27473
0.144425
2.19071
1.62134
1.05753
1.75346
0.546976
1.23054
0.642197
0.886144
1.11715
0.43844
2.04235
0.0727487
1.68218
0.271495
1.35697
0.965751
1.85586
2.9739
1.01444
1.68243
0.117744
2.71417
4.20414
2.29823
1.05635
0.27477
0.304449
0.636225
2.08111
3.96784
3.17631
1.60099
1.42326
1.09277
1.06486
0.252768
0.80428
0.604989
0.617017
0.0322434
0.819441
0.333634
1.82396
0.0469693
0.194217
0.236414
2.04328
1.93674
3.19888
2.97808
4.19354
1.21915
4.13936
2.42803
1.17254
1.38964
0.0113167
0.585195
0.310291
1.68157
4.53607
0.171702
2.75077
0.48805
4.05948
1.35324
1.12382
1.83544
0.0528263
1.37329
0.114554
2.1105
0.674418
0.380245
0.734116
1.09683
0.820573
1.18071
0.676564
1.20655
0.0544768
0.879628
7.72759
1.79245
0.532899
1.07835
0.233119
0.283392
0.751527
0.790813
1.64921
0.960815
1.40945
0.589205
1.24521
0.623541
0.677723
2.55558
0.0633553
0.145433
0.0382961
1.63692
0.837058
2.77682
1.10085
0.0907473
1.5644
3.53791
3.00351
2.01579
0.173376
1.22911
0.476488
0.00288971
0.639435
0.438475
0.0534877
2.09321
1.54042
0.897376
5.48983
0.936294
1.46181
1.38317
0.409613
0.484944
2.2143
1.12108
0.238314
3.72666
2.13433
0.384913
3.70577
0.182057
4.82207
3.67255
0.510895
0.795258
0.0219435
0.124995
2.1752
0.14684
0.591673
0.370815
0.204032
0.878497
4.27488
1.97403
0.625678
0.2375
0.210015
2.72485
0.968864
0.0216997
0.734528
0.641414
1.94381
1.49931
0.358508
6.37868
2.83378
3.02124
0.769732
0.450647
0.858464
0.223295
1.49245
2.67302
0.76687
0.0674036
1.09386
0.797376
5.47238
0.774649
0.308345
4.04284
0.110681
1.0176
1.49674
1.32167
1.0543
2.27883
0.429251
1.53232
2.9064
5.17312
2.27484
0.857899
1.24653
2.19022
0.706958
0.512787
0.998569
2.15797
1.20524
0.924621
0.509434
2.13577
0.175264
0.72755
0.585178
0.0848936
2.33018
0.0635479
0.262825
0.547257
2.0455
0.152133
0.00829195
1.58429
3.38067
0.41197
0.667843
0.204072
2.69616
1.81389
0.974752
1.11853
1.3795
2.72656
1.31742
2.04706
1.26577
0.132289
2.24898
0.512335
3.26345
2.40408
4.1295
2.3023
0.62688
0.0271146
0.125613
0.207256
4.28658
0.504253
0.652192
0.307984
1.54126
2.59503
0.893133
2.42138
2.03607
6.77503
0.718025
0.771091
0.690794
1.50537
0.256065
1.34339
1.31203
1.3608
2.40916
0.737213
2.19349
3.16755
2.47428
1.61838
0.468512
2.33107
0.242767
0.809427
0.0155162
4.74406
3.18194
0.407284
0.761496
2.99608
0.959459
1.36652
1.53722
1.24458
0.473751
1.63165
1.34336
0.973784
2.96616
1.1018
0.354574
0.407956
0.228218
0.129043
0.859449
0.68348
2.41236
1.26158
3.11037
2.22748
0.194619
0.156561
2.19869
0.631035
1.48833
2.0892
1.00544
0.408596
1.3947
0.762201
1.45501
2.40935
2.57653
0.94893
0.241061
0.234785
0.22443
1.30728
0.754983
2.78998
1.30551
0.148573
3.82113
0.507892
0.910765
0.127269
0.307156
0.134376
0.275109
0.637783
0.262351
2.78034
1.86781
1.27574
4.96814
1.2204
0.216483
1.84523
0.345725
1.93765
1.81863
0.569879
0.806253
0.437438
0.66586
3.21501
0.27536
1.72848
1.48853
1.37881
2.29738
0.925253
0.170112
4.14034
1.02159
0.529502
2.44822
0.121107
1.48306
2.4923
0.376317
0.297753
5.14261
2.44563
0.760661
0.402109
0.207523
1.18176
1.964
0.186586
2.6879
0.569807
3.00231
3.67016
5.47165
0.315894
1.46796
1.3048
2.06365
2.31718
0.177233
0.0114762
0.152638
0.195045
0.529341
1.14042
0.173658
0.705249
0.605538
0.895771
0.122084
1.90374
0.173988
1.62507
1.70976
4.11817
1.62559
1.52838
3.85321
0.203558
2.47523
1.87817
3.26925
0.257346
1.71976
1.59932
0.292584
0.738614
0.681707
0.330543
4.45
2.99846
0.128848
0.842048
2.32035
1.71833
1.23948
0.546811
0.477877
0.593374
0.0810045
1.21763
0.730847
0.0601196
0.534017
0.518406
0.208914
0.174143
0.353029
1.24725
0.508965
0.0336047
0.62925
1.00561
0.337749
1.25324
0.990794
3.12237
1.44302
1.5386
0.201539
0.0719518
0.271028
0.392158
1.24321
1.34729
0.873809
1.57974
0.231573
0.612874
0.355087
2.20839
0.663053
1.73404
0.442956
0.935036
0.108855
0.980672
0.147268
1.68709
0.0869288
0.584564
0.758572
0.205072
1.41265
0.570863
4.63989
2.00514
3.24119
0.472069
3.73878
0.0597626
0.914455
1.30889
4.01675
0.262386
0.292953
2.39336
1.69657
0.949246
0.0445214
1.09128
0.840466
1.66788
1.93506
1.8067
0.704251
0.619014
2.71962
3.90618
2.54019
1.02647
4.23911
0.469758
8.68856
1.94406
0.735198
4.49042
3.02047
0.422184
0.0358075
0.925747
0.155619
0.447182
1.58937
1.63716
0.589951
0.338254
0.133215
0.476756
0.323108
4.54055
1.18877
0.71968
3.30005
2.40701
1.17822
1.64105
4.14278
0.385952
3.80012
1.96074
0.403508
0.18223
1.67354
1.25012
0.552997
0.563957
4.27275
0.643933
0.180057
0.146189
1.86094
0.647492
0.0642505
1.83392
0.0331449
0.543878
0.852658
0.670543
1.02244
0.226353
0.202445
3.81265
2.71435
0.47546
1.43305
2.58086
0.266374
1.52113
1.13487
7.63147
0.447958
0.174834
0.163524
3.3091
8.17063
1.30623
0.920176
0.671025
4.49816
0.338298
0.956507
0.216508
4.69142
0.97605
0.186108
0.15878
0.251007
1.93585
0.259475
2.14086
2.64715
0.307553
1.85488
1.74728
2.00757
0.0592183
1.35361
0.33548
0.429102
0.734393
0.812868
0.916268
1.44832
0.551629
1.86832
0.373541
4.69892
0.244604
3.6107
0.236402
1.46251
1.27432
0.282832
0.326825
0.994691
0.778409
0.516935
0.90472
0.156434
1.01849
2.01708
3.18002
1.57239
0.65162
0.0560502
0.857115
1.4057
3.24467
2.13232
2.30496
2.1985
3.0988
0.810342
5.97907
2.79313
0.0966564
2.81853
3.444
0.337065
0.876639
0.638174
0.0450804
1.36115
0.710689
0.651926
0.455406
2.9989
2.10332
1.40447
0.982861
2.73311
0.939622
1.29261
0.513359
0.0577379
1.53696
1.1037
0.800757
0.355325
3.16932
0.364705
1.19436
1.74471
2.14779
0.778783
2.28164
0.193379
3.36645
0.843515
0.259548
0.89082
1.04313
1.29333
1.78258
1.7133
1.3808
1.72106
0.520272
3.79733
0.425328
1.30489
0.313023
1.18574
0.0226386
2.09743
0.608916
1.80366
0.301953
1.01846
1.25205
1.61943
0.404463
0.510982
0.165228
0.0039155
2.52854
0.74652
0.669989
1.11538
2.93398
0.113599
2.67122
9.61663
0.72204
0.419967
0.453534
0.69594
4.34603
2.21992
3.33121
0.115102
0.867095
1.19503
0.134752
0.030673
0.316483
5.49974
0.56128
0.600442
0.43077
0.820762
2.19918
1.4065
0.759515
1.03364
0.636412
0.189968
0.446377
4.76896
1.31636
2.34561
0.86583
1.3329
0.897136
1.01822
0.244207
0.212531
0.599247
0.486024
1.13641
0.185735
0.789494
4.09523
0.0417704
1.25392
2.28194
3.08622
0.950484
0.759722
3.43938
5.69206
0.0299488
0.409516
0.893054
0.552443
0.0286578
0.0819117
0.304896
0.858118
4.53664
0.819018
0.922775
0.180185
0.693144
0.393808
2.34833
2.3796
0.458378
0.800651
1.09365
0.455381
1.60088
0.321016
0.0655499
1.56391
4.97368
2.51985
0.517388
0.0782717
1.09919
0.230994
2.23108
0.427144
3.3637
0.257282
0.124626
4.6853
0.950956
0.340867
0.848955
2.65961
0.00656209
0.682129
0.323222
5.98298
1.60557
0.458268
1.06562
0.660815
1.22249
1.02262
0.19067
0.309783
0.0669881
0.102407
0.226256
0.306862
0.760359
0.332593
0.67984
3.59669
4.21276
1.46303
2.21453
0.168839
0.337703
0.248816
4.4194
0.0513739
3.20617
1.11019
0.311762
0.107865
0.266142
0.9194
1.56719
3.32506
1.34187
1.61403
1.53828
2.70734
0.728666
0.0297401
4.39434
0.26518
0.855896
3.34376
0.490636
2.77666
0.400392
0.774482
0.106406
4.22425
0.659658
0.352057
4.50306
4.05088
0.218777
4.2381
1.36444
0.462874
0.969324
1.8568
4.42127
0.21665
0.599864
3.66643
0.665692
1.69955
0.412847
2.6381
2.21406
3.82532
4.73264
0.878196
0.105548
6.119
1.55681
2.89386
1.53275
1.30867
3.31708
2.55985
2.01169
0.186812
0.114556
2.216
3.17945
3.21898
0.724153
2.97342
2.09317
1.15033
2.86265
0.560789
1.18374
2.4779
0.915008
4.48403
0.479951
0.369431
0.012492
0.735625
3.10951
1.25348
1.59206
0.181152
5.59495
2.01439
0.0523904
3.22855
3.11581
0.84425
2.88187
0.0732959
1.08279
0.640762
4.9255
3.39119
1.25619
2.3696
0.425388
0.14073
0.190406
1.29429
0.403438
1.07761
0.159748
3.57468
0.648401
1.597
0.364456
0.669371
0.148606
0.457498
0.24544
3.06388
0.442436
0.205185
1.88511
0.0865067
2.93293
0.768908
1.95961
2.48598
2.17974
0.0353427
0.704424
1.21586
1.25458
5.32313
1.46691
0.248745
0.476685
1.41627
0.194619
0.154204
4.85728
1.29779
2.05128
1.41061
0.764196
0.0959904
2.83485
1.69837
4.67006
3.70983
4.67133
1.19026
4.41642
0.496853
4.93629
0.803068
0.720488
1.01408
1.37465
0.229151
0.0816237
0.205581
1.32115
0.154101
3.68729
1.04851
1.39439
0.0646718
0.385908
1.14394
1.12649
2.61923
0.192392
0.282936
0.2694
8.29014
0.204404
0.127176
0.393292
0.628848
1.14135
6.10061
0.225502
3.89892
2.30836
4.44498
4.95804
0.814228
0.571024
0.306056
0.0491565
2.89626
1.16633
1.68546
0.217551
0.106319
0.0523684
1.558
1.18431
1.83436
0.988746
0.0243511
1.5481
0.280263
0.614612
0.240031
0.562594
0.902056
2.10368
1.41287
0.511768
0.684393
0.494179
0.850018
1.33845
4.57588
1.05548
0.619221
0.693062
1.58577
1.68427
2.35571
0.0609765
1.10397
2.59356
1.0761
3.14027
0.967799
2.11784
0.914479
1.96935
0.439276
1.97353
2.84451
6.71069
0.608662
2.4123
0.860594
1.35817
3.2286
4.41902
2.49958
1.72929
1.02217
1.42744
1.37401
0.548273
